Dates,PRECTOT,RH2M,T2M_MAX,T2M_MIN,T2M_RANGE,WS10M_RANGE,WS50M_RANGE,Latitude,Longitude
20100101,0.0,18.58,14.54,-1.43,15.97,2.75,3.7,33.75198332,74.25077264
20100102,0.0,21.62,14.07,-0.67,14.74,3.05,2.8,33.75198332,74.25077264
20100103,2.28,51.35,6.08,0.58,5.5,2.49,2.65,33.75198332,74.25077264
20100104,0.02,46.49,12.92,-2.37,15.28,1.65,2.27,33.75198332,74.25077264
20100105,0.0,23.84,15.95,-0.07,16.02,2.35,3.12,33.75198332,74.25077264
20100106,0.0,19.94,16.67,-0.95,17.62,3.87,5.56,33.75198332,74.25077264
20100107,0.0,19.4,14.49,1.61,12.87,3.89,3.7,33.75198332,74.25077264
20100108,0.0,20.74,12.69,-0.57,13.26,3.41,3.29,33.75198332,74.25077264
20100109,0.0,25.16,11.9,0.83,11.08,3.3,3.11,33.75198332,74.25077264
20100110,0.0,22.92,12.33,-0.24,12.57,2.58,2.38,33.75198332,74.25077264
20100111,0.0,19.04,12.64,-0.55,13.19,3.15,2.87,33.75198332,74.25077264
20100112,0.0,19.24,11.78,-1.52,13.3,2.4,3.17,33.75198332,74.25077264
20100113,0.0,20.64,11.52,0.73,10.8,4.62,4.52,33.75198332,74.25077264
20100114,0.0,19.98,13.24,-2.27,15.51,2.4,2.21,33.75198332,74.25077264
20100115,0.0,19.66,15.49,0.58,14.91,3.8,3.63,33.75198332,74.25077264
20100116,0.0,20.81,15.52,0.78,14.74,2.61,3.55,33.75198332,74.25077264
20100117,0.0,22.4,14.21,5.1,9.11,3.09,3.2,33.75198332,74.25077264
20100118,0.0,23.75,12.9,1.82,11.08,3.93,3.74,33.75198332,74.25077264
20100119,0.0,24.32,12.6,0.71,11.89,4.31,4.11,33.75198332,74.25077264
20100120,0.0,28.39,13.67,0.88,12.79,2.18,3.05,33.75198332,74.25077264
20100121,0.0,30.13,14.94,0.29,14.65,2.76,3.63,33.75198332,74.25077264
20100122,0.29,39.95,10.34,1.1,9.24,2.69,4.01,33.75198332,74.25077264
20100123,0.0,40.76,14.01,-0.31,14.32,2.94,4.54,33.75198332,74.25077264
20100124,0.0,36.14,12.74,1.62,11.11,2.24,3.01,33.75198332,74.25077264
20100125,0.0,35.91,13.5,0.83,12.67,2.34,2.99,33.75198332,74.25077264
20100126,0.0,29.47,13.86,-0.34,14.2,2.44,3.22,33.75198332,74.25077264
20100127,0.03,28.3,13.09,2.79,10.3,3.75,3.63,33.75198332,74.25077264
20100128,1.01,38.96,12.06,0.33,11.74,2.75,2.12,33.75198332,74.25077264
20100129,21.38,82.07,5.92,-1.77,7.69,5.85,6.84,33.75198332,74.25077264
20100130,0.0,47.6,10.72,-4.0,14.72,2.92,3.86,33.75198332,74.25077264
20100131,0.0,42.3,9.99,-0.94,10.93,3.49,3.43,33.75198332,74.25077264
20100201,0.0,44.32,9.63,0.15,9.48,3.08,2.93,33.75198332,74.25077264
20100202,0.0,42.51,10.43,-2.77,13.2,3.06,3.39,33.75198332,74.25077264
20100203,0.0,38.78,10.29,-2.56,12.85,2.67,3.48,33.75198332,74.25077264
20100204,0.0,42.29,11.98,-0.31,12.29,3.17,3.17,33.75198332,74.25077264
20100205,4.81,61.58,10.62,2.15,8.47,2.43,2.38,33.75198332,74.25077264
20100206,8.25,84.17,8.3,2.38,5.93,2.47,2.35,33.75198332,74.25077264
20100207,12.72,90.2,6.31,2.77,3.53,2.01,1.81,33.75198332,74.25077264
20100208,45.09,95.91,5.01,1.57,3.44,7.18,8.31,33.75198332,74.25077264
20100209,15.78,84.6,2.52,-6.6,9.12,5.67,7.36,33.75198332,74.25077264
20100210,0.2,65.09,4.96,-10.44,15.4,4.01,5.73,33.75198332,74.25077264
20100211,0.01,81.07,5.74,-5.64,11.38,2.17,3.49,33.75198332,74.25077264
20100212,0.14,72.83,6.38,-0.68,7.06,3.52,3.94,33.75198332,74.25077264
20100213,0.0,63.54,7.91,-2.68,10.6,3.16,3.65,33.75198332,74.25077264
20100214,0.3,65.94,6.15,-3.23,9.38,3.26,3.68,33.75198332,74.25077264
20100215,8.31,71.62,5.99,-2.42,8.41,4.53,4.53,33.75198332,74.25077264
20100216,0.85,68.08,6.92,-0.91,7.83,4.31,4.71,33.75198332,74.25077264
20100217,0.03,60.74,8.76,-4.24,13.0,2.99,4.65,33.75198332,74.25077264
20100218,0.0,46.71,9.66,-5.87,15.53,4.53,6.88,33.75198332,74.25077264
20100219,0.0,50.38,11.01,-3.41,14.42,3.11,4.2,33.75198332,74.25077264
20100220,0.0,52.22,12.0,-2.62,14.62,3.25,4.16,33.75198332,74.25077264
20100221,0.0,54.56,14.06,-0.16,14.23,3.49,4.6,33.75198332,74.25077264
20100222,0.0,59.8,13.04,2.38,10.66,2.16,3.2,33.75198332,74.25077264
20100223,2.52,61.83,13.21,2.44,10.77,3.0,3.12,33.75198332,74.25077264
20100224,1.89,67.47,13.01,2.64,10.37,2.12,1.96,33.75198332,74.25077264
20100225,3.87,68.85,12.05,1.77,10.28,2.61,3.68,33.75198332,74.25077264
20100226,9.62,81.7,11.16,3.28,7.87,3.4,3.92,33.75198332,74.25077264
20100227,2.19,67.19,15.24,4.16,11.09,1.9,2.01,33.75198332,74.25077264
20100228,6.55,72.01,15.43,4.2,11.23,2.71,4.25,33.75198332,74.25077264
20100301,12.24,87.11,12.32,4.03,8.29,7.0,7.97,33.75198332,74.25077264
20100302,0.0,49.91,16.33,0.96,15.37,2.85,5.19,33.75198332,74.25077264
20100303,0.91,56.8,13.07,3.46,9.61,3.13,3.32,33.75198332,74.25077264
20100304,3.75,78.94,10.2,2.38,7.82,4.51,4.51,33.75198332,74.25077264
20100305,0.0,59.45,14.51,0.91,13.59,2.95,3.38,33.75198332,74.25077264
20100306,8.12,63.5,13.78,-0.35,14.13,4.24,4.55,33.75198332,74.25077264
20100307,0.29,60.29,15.41,0.76,14.65,3.2,3.36,33.75198332,74.25077264
20100308,0.0,52.18,16.93,3.45,13.48,1.84,2.18,33.75198332,74.25077264
20100309,0.09,46.0,17.56,1.05,16.51,3.56,4.78,33.75198332,74.25077264
20100310,0.44,47.22,18.98,2.39,16.59,3.28,4.24,33.75198332,74.25077264
20100311,0.0,47.19,19.04,3.25,15.79,3.47,3.96,33.75198332,74.25077264
20100312,0.0,54.29,18.2,5.01,13.19,4.2,3.99,33.75198332,74.25077264
20100313,0.0,59.26,18.01,4.56,13.45,3.09,3.1,33.75198332,74.25077264
20100314,0.0,50.49,20.52,5.34,15.18,2.54,2.23,33.75198332,74.25077264
20100315,0.0,41.29,22.28,5.25,17.03,2.69,3.43,33.75198332,74.25077264
20100316,0.0,43.06,22.75,5.38,17.36,3.13,4.72,33.75198332,74.25077264
20100317,0.0,46.42,21.95,4.66,17.3,3.07,4.22,33.75198332,74.25077264
20100318,0.0,48.03,23.52,6.55,16.97,3.06,3.21,33.75198332,74.25077264
20100319,0.0,44.24,25.72,7.54,18.18,3.82,3.91,33.75198332,74.25077264
20100320,0.0,46.0,25.23,9.24,16.0,3.97,3.81,33.75198332,74.25077264
20100321,0.86,47.36,23.64,11.71,11.93,4.25,4.51,33.75198332,74.25077264
20100322,0.64,46.54,23.23,10.15,13.08,3.93,3.49,33.75198332,74.25077264
20100323,0.19,41.31,23.06,9.46,13.6,4.16,4.2,33.75198332,74.25077264
20100324,0.0,37.94,23.07,9.4,13.67,2.43,2.96,33.75198332,74.25077264
20100325,0.0,39.46,24.08,8.07,16.02,2.97,3.26,33.75198332,74.25077264
20100326,0.72,41.03,22.34,10.81,11.53,3.98,3.79,33.75198332,74.25077264
20100327,3.22,48.84,21.32,6.71,14.61,2.96,3.48,33.75198332,74.25077264
20100328,0.0,46.03,22.07,7.53,14.53,3.46,3.2,33.75198332,74.25077264
20100329,11.1,47.53,22.21,10.38,11.83,4.17,4.2,33.75198332,74.25077264
20100330,2.93,46.06,20.45,9.02,11.43,3.95,4.0,33.75198332,74.25077264
20100331,0.06,42.92,20.97,7.43,13.54,4.0,3.97,33.75198332,74.25077264
20100401,0.2,36.64,20.77,6.04,14.73,4.26,4.22,33.75198332,74.25077264
20100402,0.42,40.24,20.75,5.85,14.9,3.08,4.0,33.75198332,74.25077264
20100403,2.31,45.04,19.93,7.14,12.79,4.25,4.21,33.75198332,74.25077264
20100404,4.34,49.47,20.73,7.07,13.65,4.03,4.12,33.75198332,74.25077264
20100405,0.0,43.72,20.71,7.81,12.9,3.12,3.09,33.75198332,74.25077264
20100406,0.0,33.31,23.76,6.07,17.69,2.1,2.55,33.75198332,74.25077264
20100407,0.0,31.77,25.41,9.13,16.29,4.14,4.02,33.75198332,74.25077264
20100408,0.0,34.37,25.51,9.7,15.8,3.47,3.95,33.75198332,74.25077264
20100409,0.0,40.63,25.47,9.92,15.55,4.1,4.0,33.75198332,74.25077264
20100410,0.0,40.98,25.48,10.64,14.84,3.58,3.5,33.75198332,74.25077264
20100411,1.11,47.62,24.2,12.57,11.63,2.03,2.92,33.75198332,74.25077264
20100412,6.58,54.96,22.13,11.14,10.99,4.15,4.94,33.75198332,74.25077264
20100413,0.36,35.64,25.82,7.69,18.12,2.19,2.84,33.75198332,74.25077264
20100414,0.0,27.21,27.43,8.7,18.73,2.8,4.31,33.75198332,74.25077264
20100415,0.0,30.64,27.7,10.91,16.79,3.62,3.99,33.75198332,74.25077264
20100416,0.02,36.38,27.22,13.28,13.94,3.36,3.81,33.75198332,74.25077264
20100417,0.3,39.37,28.0,13.9,14.1,4.42,4.76,33.75198332,74.25077264
20100418,12.07,56.85,23.89,13.75,10.13,4.68,4.69,33.75198332,74.25077264
20100419,4.1,50.43,25.21,11.3,13.91,2.87,3.23,33.75198332,74.25077264
20100420,5.76,42.5,25.92,11.68,14.24,4.08,4.1,33.75198332,74.25077264
20100421,14.65,53.11,20.67,10.18,10.49,3.43,3.99,33.75198332,74.25077264
20100422,1.63,53.64,20.86,7.86,13.0,3.74,3.34,33.75198332,74.25077264
20100423,0.09,45.37,21.99,8.11,13.88,2.98,3.01,33.75198332,74.25077264
20100424,0.0,38.92,23.76,7.7,16.05,2.78,3.5,33.75198332,74.25077264
20100425,0.0,34.71,25.65,9.76,15.89,4.39,4.19,33.75198332,74.25077264
20100426,0.0,36.73,26.92,9.17,17.75,3.6,4.73,33.75198332,74.25077264
20100427,9.17,50.69,23.55,14.82,8.73,3.57,3.66,33.75198332,74.25077264
20100428,9.38,58.2,22.83,10.86,11.96,5.27,6.27,33.75198332,74.25077264
20100429,0.08,46.68,25.41,11.55,13.86,2.48,3.91,33.75198332,74.25077264
20100430,1.01,45.3,25.0,11.59,13.42,3.29,4.17,33.75198332,74.25077264
20100501,0.96,47.33,23.68,12.37,11.31,1.98,2.9,33.75198332,74.25077264
20100502,0.0,38.19,28.51,10.91,17.6,3.82,3.52,33.75198332,74.25077264
20100503,0.0,37.99,29.01,12.45,16.56,4.79,4.99,33.75198332,74.25077264
20100504,1.12,44.81,27.18,14.24,12.95,2.26,3.42,33.75198332,74.25077264
20100505,16.62,68.6,20.17,13.72,6.46,2.52,2.68,33.75198332,74.25077264
20100506,1.84,63.78,21.58,13.51,8.07,4.28,4.28,33.75198332,74.25077264
20100507,9.75,65.1,21.67,13.57,8.1,3.39,3.24,33.75198332,74.25077264
20100508,1.79,54.06,22.67,11.97,10.7,2.83,2.32,33.75198332,74.25077264
20100509,0.77,50.05,25.36,10.69,14.67,3.67,3.67,33.75198332,74.25077264
20100510,5.61,52.03,23.89,13.98,9.92,2.89,3.21,33.75198332,74.25077264
20100511,0.07,46.75,24.03,13.0,11.03,2.89,2.8,33.75198332,74.25077264
20100512,3.3,42.52,26.14,11.84,14.3,3.41,3.24,33.75198332,74.25077264
20100513,4.29,47.96,24.74,11.94,12.8,4.07,4.01,33.75198332,74.25077264
20100514,3.31,43.75,25.12,12.65,12.48,3.3,3.31,33.75198332,74.25077264
20100515,0.04,37.58,26.7,12.36,14.35,3.46,3.41,33.75198332,74.25077264
20100516,0.13,39.06,28.17,12.0,16.17,3.48,4.8,33.75198332,74.25077264
20100517,3.52,58.0,22.4,14.64,7.76,4.68,4.95,33.75198332,74.25077264
20100518,6.58,59.78,23.46,13.7,9.76,3.15,3.03,33.75198332,74.25077264
20100519,0.15,46.13,24.38,11.48,12.9,2.34,2.18,33.75198332,74.25077264
20100520,0.0,36.01,27.27,11.23,16.04,1.39,1.81,33.75198332,74.25077264
20100521,0.0,27.88,30.41,13.0,17.42,2.9,3.91,33.75198332,74.25077264
20100522,0.33,30.15,30.65,13.9,16.75,4.74,5.01,33.75198332,74.25077264
20100523,4.36,38.21,29.29,14.36,14.93,5.12,5.34,33.75198332,74.25077264
20100524,0.01,30.34,30.08,14.88,15.19,4.13,4.25,33.75198332,74.25077264
20100525,0.0,20.02,31.48,16.16,15.31,2.05,2.06,33.75198332,74.25077264
20100526,0.0,19.21,32.46,15.22,17.24,3.36,3.54,33.75198332,74.25077264
20100527,0.46,23.95,33.44,17.33,16.11,6.38,7.2,33.75198332,74.25077264
20100528,39.75,46.47,26.0,14.49,11.51,3.0,4.4,33.75198332,74.25077264
20100529,3.03,41.0,25.41,13.74,11.67,1.52,1.93,33.75198332,74.25077264
20100530,0.16,34.77,27.44,10.67,16.77,2.51,3.2,33.75198332,74.25077264
20100531,0.0,29.47,30.09,11.64,18.45,3.03,4.23,33.75198332,74.25077264
20100601,0.01,29.2,30.42,14.32,16.09,3.81,4.11,33.75198332,74.25077264
20100602,1.16,34.27,29.88,14.32,15.56,3.18,3.45,33.75198332,74.25077264
20100603,4.56,42.94,27.33,16.18,11.15,3.53,3.75,33.75198332,74.25077264
20100604,8.79,49.51,26.82,12.54,14.28,4.19,4.53,33.75198332,74.25077264
20100605,0.65,43.08,24.24,11.22,13.02,3.06,3.84,33.75198332,74.25077264
20100606,0.16,37.41,26.43,11.09,15.34,4.38,4.21,33.75198332,74.25077264
20100607,1.31,42.24,25.7,11.23,14.47,4.18,3.91,33.75198332,74.25077264
20100608,3.65,53.4,24.06,13.35,10.7,4.54,4.67,33.75198332,74.25077264
20100609,1.66,51.92,24.99,12.69,12.3,3.1,2.69,33.75198332,74.25077264
20100610,0.61,46.15,26.23,11.98,14.26,1.75,2.14,33.75198332,74.25077264
20100611,1.27,45.44,27.55,14.4,13.15,2.69,2.5,33.75198332,74.25077264
20100612,0.4,47.1,28.61,14.0,14.6,4.19,4.6,33.75198332,74.25077264
20100613,0.67,41.71,27.87,13.86,14.01,3.95,4.87,33.75198332,74.25077264
20100614,0.09,38.36,28.23,14.44,13.79,3.29,3.19,33.75198332,74.25077264
20100615,3.87,47.69,24.43,14.6,9.83,2.83,2.82,33.75198332,74.25077264
20100616,3.9,50.84,24.4,13.5,10.9,2.55,2.44,33.75198332,74.25077264
20100617,0.12,47.54,25.38,14.16,11.22,3.46,3.37,33.75198332,74.25077264
20100618,0.0,39.67,30.06,13.37,16.69,2.85,3.19,33.75198332,74.25077264
20100619,0.0,33.12,32.48,15.16,17.32,2.67,3.38,33.75198332,74.25077264
20100620,0.0,30.21,33.65,16.94,16.71,3.55,3.48,33.75198332,74.25077264
20100621,0.08,27.83,34.15,16.21,17.94,2.42,3.29,33.75198332,74.25077264
20100622,0.03,27.3,33.95,18.37,15.58,3.98,4.04,33.75198332,74.25077264
20100623,0.95,27.77,33.38,19.11,14.26,3.53,3.7,33.75198332,74.25077264
20100624,15.16,44.49,27.9,19.01,8.89,3.51,3.38,33.75198332,74.25077264
20100625,4.83,58.43,25.64,16.25,9.39,3.37,3.09,33.75198332,74.25077264
20100626,0.0,47.46,30.14,14.97,15.16,4.64,4.56,33.75198332,74.25077264
20100627,1.35,49.18,30.31,17.05,13.26,4.31,4.4,33.75198332,74.25077264
20100628,0.76,45.51,30.71,15.02,15.68,4.17,4.62,33.75198332,74.25077264
20100629,1.41,44.64,30.76,16.08,14.68,3.3,3.08,33.75198332,74.25077264
20100630,0.17,49.24,29.47,16.04,13.43,4.61,4.25,33.75198332,74.25077264
20100701,1.43,48.82,28.63,16.2,12.43,2.97,2.77,33.75198332,74.25077264
20100702,2.04,49.57,28.94,15.98,12.97,3.37,3.1,33.75198332,74.25077264
20100703,0.6,44.63,30.72,17.09,13.63,3.46,3.18,33.75198332,74.25077264
20100704,1.29,49.81,29.65,16.99,12.66,3.61,3.5,33.75198332,74.25077264
20100705,2.0,60.27,27.58,17.25,10.33,3.89,3.74,33.75198332,74.25077264
20100706,3.54,58.72,29.19,15.27,13.92,4.6,4.19,33.75198332,74.25077264
20100707,0.0,55.53,29.98,16.28,13.7,4.14,3.99,33.75198332,74.25077264
20100708,0.0,52.16,30.96,18.0,12.96,3.79,3.28,33.75198332,74.25077264
20100709,4.18,52.18,31.23,18.89,12.35,4.57,4.51,33.75198332,74.25077264
20100710,7.81,54.04,30.71,19.83,10.88,4.46,4.38,33.75198332,74.25077264
20100711,5.79,61.04,27.77,19.21,8.56,4.9,4.92,33.75198332,74.25077264
20100712,6.77,57.65,28.95,17.95,11.0,3.35,3.18,33.75198332,74.25077264
20100713,0.28,51.57,27.95,14.82,13.13,4.25,4.01,33.75198332,74.25077264
20100714,0.0,53.3,29.35,15.55,13.8,4.73,4.42,33.75198332,74.25077264
20100715,0.0,51.45,31.06,16.87,14.19,4.0,3.49,33.75198332,74.25077264
20100716,0.0,49.18,32.8,18.39,14.41,4.41,3.96,33.75198332,74.25077264
20100717,0.23,51.04,32.01,19.45,12.56,4.46,3.94,33.75198332,74.25077264
20100718,1.98,55.02,32.3,19.81,12.5,4.44,4.31,33.75198332,74.25077264
20100719,16.34,65.2,29.85,20.32,9.53,3.91,3.58,33.75198332,74.25077264
20100720,31.26,76.07,26.14,18.59,7.55,3.15,2.61,33.75198332,74.25077264
20100721,24.01,80.83,23.74,17.0,6.74,2.6,2.15,33.75198332,74.25077264
20100722,19.15,80.09,22.96,16.93,6.03,4.3,4.65,33.75198332,74.25077264
20100723,1.6,66.54,26.93,15.8,11.13,3.63,3.26,33.75198332,74.25077264
20100724,0.0,66.84,28.09,16.93,11.16,3.93,3.62,33.75198332,74.25077264
20100725,2.31,67.42,28.67,18.66,10.01,4.09,3.79,33.75198332,74.25077264
20100726,4.92,73.11,27.93,18.89,9.03,4.37,4.32,33.75198332,74.25077264
20100727,23.85,86.6,22.27,17.85,4.42,5.76,6.02,33.75198332,74.25077264
20100728,11.99,81.9,24.05,17.31,6.74,3.71,3.35,33.75198332,74.25077264
20100729,28.45,84.73,23.14,17.55,5.59,4.02,3.6,33.75198332,74.25077264
20100730,0.47,78.52,25.48,17.51,7.97,3.42,3.11,33.75198332,74.25077264
20100731,15.57,76.0,26.51,18.49,8.02,4.12,3.96,33.75198332,74.25077264
20100801,16.84,79.99,26.43,17.56,8.88,3.93,3.63,33.75198332,74.25077264
20100802,2.98,83.35,24.55,18.08,6.47,3.16,2.92,33.75198332,74.25077264
20100803,2.46,83.12,24.93,18.27,6.66,3.88,3.83,33.75198332,74.25077264
20100804,0.52,81.74,24.98,17.72,7.26,5.12,5.16,33.75198332,74.25077264
20100805,3.55,77.03,25.98,17.54,8.43,3.96,3.72,33.75198332,74.25077264
20100806,14.47,90.9,22.95,18.38,4.57,4.23,3.85,33.75198332,74.25077264
20100807,11.71,86.24,23.98,17.87,6.11,4.37,4.14,33.75198332,74.25077264
20100808,2.39,82.61,24.77,18.21,6.56,4.44,4.36,33.75198332,74.25077264
20100809,0.49,82.52,24.71,17.35,7.36,4.66,4.53,33.75198332,74.25077264
20100810,25.9,82.74,25.5,17.95,7.55,4.98,4.99,33.75198332,74.25077264
20100811,0.22,83.92,24.73,18.48,6.25,3.89,3.89,33.75198332,74.25077264
20100812,2.07,82.79,25.81,18.55,7.26,4.48,4.63,33.75198332,74.25077264
20100813,1.56,88.35,23.29,18.18,5.11,3.78,3.34,33.75198332,74.25077264
20100814,12.9,85.99,24.84,17.5,7.34,4.17,3.83,33.75198332,74.25077264
20100815,5.95,86.16,24.87,17.67,7.21,3.29,2.61,33.75198332,74.25077264
20100816,1.82,80.0,25.79,17.61,8.18,3.16,2.56,33.75198332,74.25077264
20100817,0.8,80.4,25.94,18.43,7.51,3.1,2.61,33.75198332,74.25077264
20100818,1.69,82.84,26.62,18.63,7.99,3.6,3.21,33.75198332,74.25077264
20100819,5.28,82.87,26.78,18.64,8.14,3.97,3.96,33.75198332,74.25077264
20100820,2.76,85.16,26.22,18.95,7.28,5.01,5.2,33.75198332,74.25077264
20100821,6.53,83.45,26.47,18.06,8.42,2.78,2.12,33.75198332,74.25077264
20100822,4.08,83.45,26.41,18.28,8.12,3.88,3.82,33.75198332,74.25077264
20100823,8.86,84.79,25.48,18.72,6.76,3.21,2.9,33.75198332,74.25077264
20100824,18.58,80.99,23.79,16.57,7.22,2.85,2.87,33.75198332,74.25077264
20100825,11.76,75.91,21.36,15.31,6.04,1.11,1.81,33.75198332,74.25077264
20100826,1.57,68.8,23.09,13.98,9.11,1.25,1.71,33.75198332,74.25077264
20100827,0.04,63.36,25.72,13.77,11.95,2.9,2.46,33.75198332,74.25077264
20100828,0.0,64.38,26.41,15.08,11.33,3.31,2.89,33.75198332,74.25077264
20100829,0.0,69.64,26.1,14.97,11.13,3.0,2.39,33.75198332,74.25077264
20100830,0.04,75.25,25.78,15.81,9.96,3.74,3.75,33.75198332,74.25077264
20100831,0.54,79.05,25.9,17.49,8.41,3.84,3.56,33.75198332,74.25077264
20100901,0.08,81.07,26.02,17.58,8.44,3.08,2.71,33.75198332,74.25077264
20100902,3.86,80.26,26.51,17.66,8.86,3.65,3.02,33.75198332,74.25077264
20100903,3.09,78.0,25.66,17.78,7.88,3.61,3.39,33.75198332,74.25077264
20100904,1.72,81.66,24.14,17.62,6.52,5.43,5.54,33.75198332,74.25077264
20100905,0.03,79.87,24.41,16.37,8.04,3.86,3.61,33.75198332,74.25077264
20100906,0.0,78.9,25.74,16.61,9.13,3.73,3.44,33.75198332,74.25077264
20100907,3.34,74.25,25.78,16.13,9.65,4.14,4.01,33.75198332,74.25077264
20100908,2.26,65.86,25.57,13.9,11.68,3.53,3.38,33.75198332,74.25077264
20100909,0.98,70.07,25.52,13.68,11.84,3.36,3.03,33.75198332,74.25077264
20100910,1.09,75.26,24.03,15.62,8.41,2.84,2.47,33.75198332,74.25077264
20100911,0.14,70.6,24.78,14.57,10.21,3.39,3.1,33.75198332,74.25077264
20100912,5.29,72.43,24.99,15.24,9.75,4.48,4.1,33.75198332,74.25077264
20100913,1.95,72.7,23.48,14.87,8.61,4.55,4.45,33.75198332,74.25077264
20100914,0.83,68.38,22.65,13.35,9.3,3.24,2.79,33.75198332,74.25077264
20100915,0.61,62.93,24.44,10.97,13.46,3.73,3.5,33.75198332,74.25077264
20100916,0.0,67.0,23.18,11.64,11.54,3.57,3.14,33.75198332,74.25077264
20100917,5.79,66.2,22.78,11.37,11.41,3.87,3.52,33.75198332,74.25077264
20100918,2.33,63.08,21.85,10.15,11.7,3.6,3.42,33.75198332,74.25077264
20100919,0.11,56.41,23.03,9.33,13.71,3.33,3.17,33.75198332,74.25077264
20100920,0.0,52.21,24.2,9.41,14.79,3.35,3.37,33.75198332,74.25077264
20100921,0.95,64.9,23.68,14.18,9.49,3.56,3.13,33.75198332,74.25077264
20100922,0.44,73.19,23.37,15.18,8.19,4.11,4.07,33.75198332,74.25077264
20100923,3.16,68.85,23.92,12.58,11.34,3.54,3.23,33.75198332,74.25077264
20100924,0.01,63.28,22.46,11.18,11.28,3.66,3.52,33.75198332,74.25077264
20100925,0.0,57.43,23.43,9.76,13.67,3.4,3.22,33.75198332,74.25077264
20100926,0.0,58.43,23.32,9.86,13.46,4.6,4.48,33.75198332,74.25077264
20100927,0.0,52.72,24.57,9.42,15.15,3.91,3.82,33.75198332,74.25077264
20100928,0.0,55.52,24.45,9.53,14.93,4.35,4.2,33.75198332,74.25077264
20100929,0.02,55.84,24.28,10.56,13.73,3.9,3.96,33.75198332,74.25077264
20100930,0.0,54.36,24.74,10.11,14.64,4.55,4.48,33.75198332,74.25077264
20101001,0.0,48.39,25.74,9.71,16.03,3.57,3.69,33.75198332,74.25077264
20101002,0.0,47.76,25.19,10.27,14.91,4.57,4.55,33.75198332,74.25077264
20101003,0.0,53.01,25.24,11.23,14.02,4.94,5.05,33.75198332,74.25077264
20101004,0.0,54.79,25.06,11.06,14.0,4.58,4.77,33.75198332,74.25077264
20101005,0.0,61.01,23.96,10.7,13.27,3.59,3.02,33.75198332,74.25077264
20101006,0.0,62.01,24.75,11.4,13.35,4.52,4.31,33.75198332,74.25077264
20101007,0.0,64.34,23.59,10.84,12.74,3.99,3.63,33.75198332,74.25077264
20101008,0.51,63.13,22.18,12.37,9.81,3.36,3.34,33.75198332,74.25077264
20101009,1.34,56.98,23.78,11.99,11.79,4.63,4.6,33.75198332,74.25077264
20101010,0.33,55.62,22.81,9.39,13.42,4.01,3.98,33.75198332,74.25077264
20101011,1.12,55.47,22.95,9.08,13.87,3.51,3.46,33.75198332,74.25077264
20101012,0.0,54.24,22.94,8.04,14.9,3.77,3.39,33.75198332,74.25077264
20101013,0.0,46.45,25.31,8.24,17.07,4.14,3.85,33.75198332,74.25077264
20101014,0.0,44.14,25.97,9.23,16.74,3.79,3.63,33.75198332,74.25077264
20101015,0.0,44.39,26.16,10.56,15.6,3.47,3.23,33.75198332,74.25077264
20101016,0.0,45.0,26.68,11.29,15.39,3.93,3.65,33.75198332,74.25077264
20101017,0.0,53.0,25.24,11.69,13.55,4.28,4.3,33.75198332,74.25077264
20101018,0.0,62.82,24.37,11.58,12.79,3.98,3.62,33.75198332,74.25077264
20101019,0.0,64.63,24.1,12.09,12.01,3.96,3.73,33.75198332,74.25077264
20101020,0.0,68.87,21.69,12.36,9.33,2.86,2.72,33.75198332,74.25077264
20101021,7.83,70.38,20.0,10.75,9.25,3.33,3.35,33.75198332,74.25077264
20101022,20.21,84.3,15.29,8.28,7.01,2.48,3.41,33.75198332,74.25077264
20101023,0.11,56.09,17.73,4.19,13.54,3.11,2.99,33.75198332,74.25077264
20101024,0.0,36.19,19.77,3.51,16.26,2.06,3.24,33.75198332,74.25077264
20101025,0.0,32.54,20.6,2.02,18.59,3.93,5.27,33.75198332,74.25077264
20101026,0.0,37.52,19.5,4.68,14.81,4.06,3.87,33.75198332,74.25077264
20101027,0.0,39.29,19.36,4.4,14.96,3.59,3.51,33.75198332,74.25077264
20101028,0.0,37.02,20.49,3.96,16.52,2.92,3.61,33.75198332,74.25077264
20101029,0.0,42.32,19.65,8.29,11.37,3.34,3.34,33.75198332,74.25077264
20101030,0.0,47.09,18.19,7.15,11.03,2.7,2.58,33.75198332,74.25077264
20101031,0.0,45.42,20.19,4.42,15.76,3.61,4.39,33.75198332,74.25077264
20101101,0.0,44.78,20.55,5.8,14.75,3.42,3.22,33.75198332,74.25077264
20101102,0.0,41.01,21.36,5.92,15.44,3.69,3.64,33.75198332,74.25077264
20101103,0.0,35.2,22.13,5.03,17.11,3.51,3.4,33.75198332,74.25077264
20101104,0.0,38.18,21.79,6.85,14.94,3.85,3.63,33.75198332,74.25077264
20101105,0.0,44.46,19.08,6.79,12.29,3.17,2.87,33.75198332,74.25077264
20101106,0.0,45.41,19.32,6.62,12.7,3.14,3.0,33.75198332,74.25077264
20101107,0.0,36.81,21.03,5.05,15.97,2.67,3.72,33.75198332,74.25077264
20101108,0.0,34.55,21.65,4.71,16.94,2.33,3.32,33.75198332,74.25077264
20101109,0.0,29.3,22.27,6.2,16.07,2.13,2.89,33.75198332,74.25077264
20101110,0.0,26.6,22.3,5.5,16.8,2.27,2.36,33.75198332,74.25077264
20101111,0.0,30.02,20.24,6.68,13.56,4.22,3.93,33.75198332,74.25077264
20101112,8.8,37.79,18.24,4.58,13.66,3.26,3.11,33.75198332,74.25077264
20101113,0.0,33.69,17.72,5.03,12.69,2.99,2.75,33.75198332,74.25077264
20101114,0.0,34.23,18.16,4.53,13.63,2.94,2.98,33.75198332,74.25077264
20101115,0.0,35.89,17.46,4.07,13.39,2.53,2.87,33.75198332,74.25077264
20101116,0.0,39.54,17.72,3.88,13.84,2.14,2.86,33.75198332,74.25077264
20101117,0.0,51.8,16.94,4.81,12.13,2.95,3.0,33.75198332,74.25077264
20101118,0.76,58.99,16.05,3.91,12.14,2.79,3.24,33.75198332,74.25077264
20101119,0.04,58.28,14.84,4.46,10.37,3.3,3.14,33.75198332,74.25077264
20101120,0.0,50.01,16.47,3.28,13.19,2.98,2.87,33.75198332,74.25077264
20101121,0.0,36.02,17.64,1.72,15.92,2.93,4.05,33.75198332,74.25077264
20101122,0.0,34.65,16.45,4.98,11.47,2.89,2.58,33.75198332,74.25077264
20101123,0.0,34.55,16.26,3.07,13.19,2.39,2.43,33.75198332,74.25077264
20101124,0.0,41.77,16.56,3.24,13.32,2.37,2.75,33.75198332,74.25077264
20101125,0.0,53.84,16.65,4.23,12.42,2.78,2.51,33.75198332,74.25077264
20101126,0.0,55.94,16.94,3.56,13.38,3.04,3.24,33.75198332,74.25077264
20101127,0.0,49.97,16.06,3.86,12.2,2.91,2.81,33.75198332,74.25077264
20101128,0.0,49.53,15.84,2.93,12.91,2.37,2.86,33.75198332,74.25077264
20101129,0.0,39.37,16.49,3.19,13.3,2.52,2.73,33.75198332,74.25077264
20101130,0.0,30.66,17.25,1.51,15.74,3.45,3.8,33.75198332,74.25077264
20101201,0.0,29.72,16.18,2.3,13.88,3.13,2.92,33.75198332,74.25077264
20101202,0.0,29.82,15.01,2.6,12.4,2.13,2.44,33.75198332,74.25077264
20101203,0.0,27.59,15.85,2.16,13.69,2.45,2.41,33.75198332,74.25077264
20101204,0.0,28.49,14.84,3.48,11.36,3.44,3.18,33.75198332,74.25077264
20101205,0.0,29.5,14.3,1.39,12.92,2.63,2.5,33.75198332,74.25077264
20101206,0.0,35.33,15.0,0.59,14.41,3.97,4.03,33.75198332,74.25077264
20101207,0.0,39.15,14.1,2.11,11.98,3.57,3.65,33.75198332,74.25077264
20101208,0.0,38.53,13.96,1.34,12.61,3.75,3.85,33.75198332,74.25077264
20101209,0.0,62.37,10.52,2.66,7.85,2.08,3.04,33.75198332,74.25077264
20101210,0.0,52.91,14.08,1.68,12.4,2.22,2.18,33.75198332,74.25077264
20101211,0.0,33.65,14.69,0.92,13.77,3.05,2.72,33.75198332,74.25077264
20101212,0.0,25.44,14.73,0.08,14.65,3.23,3.88,33.75198332,74.25077264
20101213,0.0,27.55,13.68,2.67,11.0,2.93,2.83,33.75198332,74.25077264
20101214,0.0,23.24,15.72,0.07,15.66,1.94,2.7,33.75198332,74.25077264
20101215,0.0,21.48,15.99,-0.41,16.39,3.46,3.93,33.75198332,74.25077264
20101216,0.0,27.07,13.12,3.82,9.3,2.94,2.77,33.75198332,74.25077264
20101217,0.0,33.57,11.17,2.23,8.95,2.51,2.58,33.75198332,74.25077264
20101218,0.0,31.77,11.46,-0.8,12.26,1.46,1.85,33.75198332,74.25077264
20101219,0.0,22.92,12.95,-0.65,13.6,1.78,2.16,33.75198332,74.25077264
20101220,0.0,21.2,14.97,-0.08,15.05,1.87,2.55,33.75198332,74.25077264
20101221,0.0,23.47,15.05,1.65,13.4,3.26,3.28,33.75198332,74.25077264
20101222,0.0,30.18,12.51,2.06,10.45,3.92,3.83,33.75198332,74.25077264
20101223,0.0,33.22,10.52,2.19,8.33,2.94,2.77,33.75198332,74.25077264
20101224,0.0,36.37,11.17,0.37,10.8,1.5,2.21,33.75198332,74.25077264
20101225,0.0,27.93,12.05,-1.62,13.67,3.1,3.49,33.75198332,74.25077264
20101226,0.0,30.04,11.3,0.8,10.5,2.56,2.15,33.75198332,74.25077264
20101227,0.0,31.41,11.51,-0.49,12.0,2.69,2.43,33.75198332,74.25077264
20101228,0.0,28.27,11.78,0.21,11.57,2.78,2.75,33.75198332,74.25077264
20101229,0.18,41.65,10.96,2.29,8.68,2.44,2.66,33.75198332,74.25077264
20101230,26.63,87.18,5.11,0.64,4.46,1.55,1.95,33.75198332,74.25077264
20101231,0.88,78.4,6.38,-3.63,10.01,2.3,2.89,33.75198332,74.25077264
20110101,0.0,51.26,9.2,-6.35,15.55,2.56,3.7,33.75198332,74.25077264
20110102,0.0,37.82,10.63,-5.89,16.52,3.37,4.94,33.75198332,74.25077264
20110103,0.0,35.92,10.38,-5.65,16.03,3.35,4.79,33.75198332,74.25077264
20110104,0.0,32.61,10.6,-1.69,12.29,2.52,2.81,33.75198332,74.25077264
20110105,0.0,32.68,9.98,-4.83,14.81,3.43,4.72,33.75198332,74.25077264
20110106,0.0,37.78,10.32,-4.07,14.39,2.79,4.7,33.75198332,74.25077264
20110107,0.0,47.79,9.75,-0.8,10.55,3.16,4.36,33.75198332,74.25077264
20110108,0.0,55.93,6.07,-1.06,7.13,2.38,2.77,33.75198332,74.25077264
20110109,0.0,45.06,9.83,-3.86,13.69,2.92,3.64,33.75198332,74.25077264
20110110,0.02,30.41,11.11,-5.65,16.75,4.68,5.79,33.75198332,74.25077264
20110111,0.25,51.42,10.48,-0.52,11.0,3.43,4.12,33.75198332,74.25077264
20110112,0.01,48.72,11.13,-2.67,13.8,3.38,4.01,33.75198332,74.25077264
20110113,0.09,57.32,8.89,-1.71,10.6,3.15,3.15,33.75198332,74.25077264
20110114,13.79,75.3,6.24,-0.54,6.78,4.98,5.1,33.75198332,74.25077264
20110115,7.71,61.69,3.43,-7.8,11.24,1.83,2.59,33.75198332,74.25077264
20110116,0.0,45.38,6.6,-9.76,16.36,4.27,4.89,33.75198332,74.25077264
20110117,0.0,51.05,5.34,-2.98,8.32,1.87,2.25,33.75198332,74.25077264
20110118,0.0,64.86,5.76,-3.95,9.71,3.02,3.38,33.75198332,74.25077264
20110119,0.0,43.29,9.67,-6.31,15.98,4.15,5.0,33.75198332,74.25077264
20110120,0.0,44.71,9.66,-2.66,12.32,2.74,3.71,33.75198332,74.25077264
20110121,0.0,63.1,8.84,-1.57,10.41,2.5,3.11,33.75198332,74.25077264
20110122,0.0,54.1,9.05,-3.25,12.3,2.65,3.37,33.75198332,74.25077264
20110123,0.0,44.44,10.34,-4.05,14.38,2.9,3.61,33.75198332,74.25077264
20110124,0.0,42.53,10.03,-4.65,14.68,3.21,4.02,33.75198332,74.25077264
20110125,0.0,45.63,9.11,-4.21,13.32,2.34,3.22,33.75198332,74.25077264
20110126,0.0,42.57,9.61,-1.68,11.29,2.35,3.08,33.75198332,74.25077264
20110127,0.0,32.49,11.94,-4.89,16.83,3.31,3.9,33.75198332,74.25077264
20110128,0.0,37.29,10.34,-0.49,10.83,2.83,4.32,33.75198332,74.25077264
20110129,0.63,56.17,7.84,-0.1,7.94,1.92,2.6,33.75198332,74.25077264
20110130,1.62,69.83,8.69,0.14,8.55,2.11,2.5,33.75198332,74.25077264
20110131,0.01,48.56,12.39,-1.61,14.0,2.85,2.96,33.75198332,74.25077264
20110201,0.0,36.91,15.18,-0.86,16.04,3.21,4.45,33.75198332,74.25077264
20110202,0.0,36.47,15.09,-0.6,15.68,4.27,5.39,33.75198332,74.25077264
20110203,0.28,59.64,14.35,2.93,11.42,2.92,4.28,33.75198332,74.25077264
20110204,1.19,68.52,13.15,3.35,9.8,3.6,3.39,33.75198332,74.25077264
20110205,0.62,71.49,11.2,2.33,8.86,4.41,4.63,33.75198332,74.25077264
20110206,6.19,80.14,10.23,3.34,6.88,5.39,5.85,33.75198332,74.25077264
20110207,19.51,92.98,5.18,-2.08,7.27,6.93,9.12,33.75198332,74.25077264
20110208,0.0,53.57,9.18,-6.56,15.74,3.41,4.19,33.75198332,74.25077264
20110209,0.0,43.0,11.35,-4.22,15.58,3.92,5.13,33.75198332,74.25077264
20110210,0.15,39.08,12.45,-2.62,15.07,3.74,4.61,33.75198332,74.25077264
20110211,3.36,52.16,12.27,-1.11,13.38,2.59,3.53,33.75198332,74.25077264
20110212,4.0,73.71,10.12,2.31,7.81,2.67,2.64,33.75198332,74.25077264
20110213,32.8,93.73,5.17,0.24,4.93,5.14,5.69,33.75198332,74.25077264
20110214,12.73,92.57,5.35,-0.04,5.39,4.19,4.97,33.75198332,74.25077264
20110215,1.99,70.77,7.92,-0.87,8.79,2.63,3.0,33.75198332,74.25077264
20110216,2.13,69.59,6.74,-5.24,11.98,2.63,3.21,33.75198332,74.25077264
20110217,0.02,60.7,8.26,-2.88,11.14,2.19,2.61,33.75198332,74.25077264
20110218,0.38,56.45,9.19,-5.13,14.32,4.11,4.93,33.75198332,74.25077264
20110219,1.33,66.99,8.45,-1.27,9.72,3.67,3.51,33.75198332,74.25077264
20110220,0.25,86.23,4.91,-1.66,6.57,2.37,3.25,33.75198332,74.25077264
20110221,0.0,56.14,12.22,-2.54,14.76,3.54,5.52,33.75198332,74.25077264
20110222,0.0,55.53,10.16,0.73,9.42,2.4,3.72,33.75198332,74.25077264
20110223,2.61,82.3,4.84,1.12,3.72,4.4,4.69,33.75198332,74.25077264
20110224,3.67,83.03,6.48,-0.14,6.62,4.09,4.04,33.75198332,74.25077264
20110225,4.64,78.33,6.24,-0.75,6.99,4.0,4.14,33.75198332,74.25077264
20110226,2.82,75.82,4.57,-1.74,6.3,2.35,2.52,33.75198332,74.25077264
20110227,0.0,61.83,7.81,-1.99,9.79,1.48,2.23,33.75198332,74.25077264
20110228,1.02,61.87,9.18,-1.67,10.85,2.57,3.61,33.75198332,74.25077264
20110301,0.65,79.42,9.23,0.06,9.17,3.82,3.7,33.75198332,74.25077264
20110302,2.73,86.46,6.73,0.18,6.56,6.25,6.63,33.75198332,74.25077264
20110303,6.25,79.05,7.9,1.08,6.83,2.38,2.43,33.75198332,74.25077264
20110304,8.01,84.95,7.17,-0.58,7.76,4.62,5.24,33.75198332,74.25077264
20110305,0.03,69.98,9.41,-0.74,10.14,3.55,3.83,33.75198332,74.25077264
20110306,0.01,53.94,13.42,-1.44,14.87,3.19,4.4,33.75198332,74.25077264
20110307,0.92,65.56,12.76,1.21,11.55,3.35,3.36,33.75198332,74.25077264
20110308,0.21,56.54,13.54,1.2,12.34,1.51,2.53,33.75198332,74.25077264
20110309,0.01,48.34,14.43,1.14,13.29,2.27,3.11,33.75198332,74.25077264
20110310,0.0,43.18,16.07,-0.13,16.2,3.36,4.06,33.75198332,74.25077264
20110311,0.0,42.63,17.53,0.37,17.16,3.01,3.17,33.75198332,74.25077264
20110312,0.0,42.28,18.72,1.31,17.41,3.11,4.23,33.75198332,74.25077264
20110313,0.0,40.54,21.17,3.49,17.69,2.09,2.51,33.75198332,74.25077264
20110314,0.0,38.03,22.29,2.79,19.5,4.73,5.88,33.75198332,74.25077264
20110315,0.0,35.35,23.02,5.2,17.82,3.02,5.32,33.75198332,74.25077264
20110316,0.0,43.15,22.67,7.31,15.36,3.88,3.7,33.75198332,74.25077264
20110317,0.0,50.19,19.93,7.88,12.05,3.58,3.63,33.75198332,74.25077264
20110318,1.72,56.76,20.38,7.07,13.31,2.86,3.49,33.75198332,74.25077264
20110319,21.92,67.0,16.64,7.62,9.02,9.76,11.19,33.75198332,74.25077264
20110320,0.47,49.81,15.74,5.47,10.27,3.77,4.15,33.75198332,74.25077264
20110321,0.0,40.55,18.33,1.67,16.66,3.14,4.16,33.75198332,74.25077264
20110322,0.0,40.52,19.01,2.97,16.03,3.13,4.2,33.75198332,74.25077264
20110323,0.0,42.62,20.61,4.08,16.53,3.11,3.91,33.75198332,74.25077264
20110324,0.0,45.24,20.34,5.39,14.95,2.9,3.56,33.75198332,74.25077264
20110325,0.0,45.43,21.97,4.47,17.49,3.83,4.87,33.75198332,74.25077264
20110326,0.0,47.4,21.7,7.08,14.63,3.56,4.3,33.75198332,74.25077264
20110327,0.06,49.39,21.3,7.84,13.46,3.16,3.32,33.75198332,74.25077264
20110328,12.03,67.85,17.47,7.07,10.4,3.77,4.43,33.75198332,74.25077264
20110329,4.15,64.74,17.3,6.13,11.17,5.26,5.7,33.75198332,74.25077264
20110330,0.31,61.66,15.64,6.25,9.39,3.55,3.44,33.75198332,74.25077264
20110331,0.6,52.62,17.72,3.94,13.78,2.81,3.31,33.75198332,74.25077264
20110401,3.78,56.18,16.52,4.95,11.57,4.98,5.19,33.75198332,74.25077264
20110402,2.34,54.87,15.23,5.96,9.28,2.46,2.5,33.75198332,74.25077264
20110403,1.06,55.67,14.81,2.91,11.9,4.26,4.35,33.75198332,74.25077264
20110404,3.82,55.1,13.86,1.34,12.52,5.13,5.45,33.75198332,74.25077264
20110405,3.95,61.43,11.03,3.56,7.47,3.28,5.12,33.75198332,74.25077264
20110406,0.82,54.71,14.76,2.61,12.15,2.83,3.81,33.75198332,74.25077264
20110407,0.0,42.47,18.28,1.84,16.44,3.91,4.98,33.75198332,74.25077264
20110408,0.0,33.23,20.37,1.34,19.03,4.36,5.37,33.75198332,74.25077264
20110409,0.06,49.57,16.22,5.63,10.59,2.51,3.56,33.75198332,74.25077264
20110410,4.71,64.3,17.99,6.23,11.76,4.65,4.68,33.75198332,74.25077264
20110411,19.23,67.43,17.72,6.71,11.01,3.73,4.12,33.75198332,74.25077264
20110412,3.16,65.37,18.59,5.64,12.95,3.67,3.43,33.75198332,74.25077264
20110413,0.0,54.8,21.0,6.41,14.59,3.33,3.61,33.75198332,74.25077264
20110414,0.0,50.47,22.11,6.13,15.97,2.65,2.66,33.75198332,74.25077264
20110415,1.57,53.47,20.31,7.51,12.8,2.17,2.46,33.75198332,74.25077264
20110416,4.07,55.32,20.18,6.29,13.89,3.32,4.86,33.75198332,74.25077264
20110417,29.82,85.16,16.35,7.79,8.56,5.17,5.52,33.75198332,74.25077264
20110418,4.26,68.75,15.07,8.55,6.52,2.67,2.9,33.75198332,74.25077264
20110419,2.91,58.33,17.68,7.08,10.6,1.88,2.75,33.75198332,74.25077264
20110420,0.15,57.59,18.65,6.22,12.43,2.24,2.44,33.75198332,74.25077264
20110421,0.08,54.49,20.39,7.12,13.27,2.76,2.37,33.75198332,74.25077264
20110422,0.0,39.94,23.69,6.98,16.71,3.04,4.04,33.75198332,74.25077264
20110423,0.0,35.08,24.7,7.7,17.0,1.81,3.8,33.75198332,74.25077264
20110424,0.0,36.27,27.08,7.71,19.38,3.13,4.6,33.75198332,74.25077264
20110425,0.0,38.09,27.23,10.22,17.01,2.99,3.31,33.75198332,74.25077264
20110426,0.0,38.29,27.6,11.22,16.38,2.33,3.07,33.75198332,74.25077264
20110427,0.0,41.15,26.59,10.1,16.48,2.93,4.06,33.75198332,74.25077264
20110428,0.22,44.13,26.68,11.4,15.28,3.66,3.79,33.75198332,74.25077264
20110429,0.02,49.73,24.99,11.88,13.1,2.6,3.97,33.75198332,74.25077264
20110430,0.0,55.12,23.4,12.45,10.96,2.41,2.93,33.75198332,74.25077264
20110501,0.0,45.97,26.02,10.93,15.1,2.81,3.96,33.75198332,74.25077264
20110502,0.0,44.11,28.3,11.87,16.43,3.6,3.37,33.75198332,74.25077264
20110503,0.0,39.21,29.16,12.66,16.5,2.47,3.39,33.75198332,74.25077264
20110504,0.11,40.13,29.09,13.09,15.99,3.19,4.29,33.75198332,74.25077264
20110505,2.97,49.72,25.21,13.88,11.33,2.68,2.41,33.75198332,74.25077264
20110506,4.45,55.5,21.81,12.66,9.16,3.29,2.86,33.75198332,74.25077264
20110507,0.17,47.38,24.66,10.48,14.18,3.16,2.89,33.75198332,74.25077264
20110508,0.0,41.3,26.78,10.76,16.02,3.89,3.62,33.75198332,74.25077264
20110509,0.7,39.47,27.43,12.42,15.01,3.37,3.27,33.75198332,74.25077264
20110510,0.07,39.15,27.61,12.9,14.71,2.31,2.29,33.75198332,74.25077264
20110511,0.13,40.4,26.78,13.47,13.3,3.13,3.4,33.75198332,74.25077264
20110512,1.79,38.3,28.79,11.14,17.65,4.64,4.46,33.75198332,74.25077264
20110513,0.39,37.89,27.42,11.89,15.53,2.68,4.05,33.75198332,74.25077264
20110514,0.0,25.71,30.06,11.71,18.35,3.1,4.05,33.75198332,74.25077264
20110515,0.0,24.27,31.7,12.96,18.74,3.69,3.72,33.75198332,74.25077264
20110516,0.0,25.33,32.33,14.27,18.06,3.4,4.03,33.75198332,74.25077264
20110517,0.0,27.0,32.59,17.49,15.1,3.89,3.9,33.75198332,74.25077264
20110518,0.0,29.11,31.86,17.35,14.51,3.57,3.33,33.75198332,74.25077264
20110519,0.0,29.81,32.55,15.07,17.48,4.06,4.13,33.75198332,74.25077264
20110520,0.0,30.14,30.56,16.9,13.66,4.87,4.69,33.75198332,74.25077264
20110521,0.25,41.31,28.69,17.0,11.69,4.56,4.71,33.75198332,74.25077264
20110522,0.39,33.77,27.69,14.15,13.54,3.88,3.66,33.75198332,74.25077264
20110523,0.0,28.96,29.96,11.95,18.0,4.46,4.06,33.75198332,74.25077264
20110524,0.0,23.87,30.38,14.47,15.9,4.59,4.47,33.75198332,74.25077264
20110525,0.31,27.12,32.32,17.51,14.81,4.79,4.88,33.75198332,74.25077264
20110526,6.2,39.36,28.66,19.2,9.47,4.61,4.53,33.75198332,74.25077264
20110527,0.87,53.73,24.7,16.87,7.83,2.64,3.06,33.75198332,74.25077264
20110528,0.0,42.81,28.8,15.07,13.73,2.58,2.52,33.75198332,74.25077264
20110529,0.07,35.15,29.22,16.24,12.98,3.89,3.76,33.75198332,74.25077264
20110530,0.73,29.33,31.27,15.99,15.28,3.38,3.18,33.75198332,74.25077264
20110531,0.04,24.64,31.42,18.17,13.25,4.91,4.53,33.75198332,74.25077264
20110601,4.48,45.17,24.24,14.37,9.87,3.17,2.94,33.75198332,74.25077264
20110602,0.23,49.34,24.05,11.18,12.86,3.83,3.63,33.75198332,74.25077264
20110603,0.0,36.04,28.88,11.97,16.91,3.65,3.26,33.75198332,74.25077264
20110604,0.0,28.68,31.2,13.22,17.98,5.56,5.46,33.75198332,74.25077264
20110605,0.29,31.85,31.81,14.17,17.64,6.17,6.03,33.75198332,74.25077264
20110606,0.64,33.81,31.07,17.63,13.44,3.89,3.89,33.75198332,74.25077264
20110607,0.01,24.63,33.11,16.02,17.1,5.03,5.24,33.75198332,74.25077264
20110608,0.0,23.79,32.5,16.67,15.83,5.4,5.43,33.75198332,74.25077264
20110609,0.71,28.76,31.49,16.52,14.97,5.64,5.43,33.75198332,74.25077264
20110610,0.44,37.38,30.69,17.76,12.93,5.81,5.65,33.75198332,74.25077264
20110611,13.41,40.74,31.84,16.6,15.25,4.84,4.82,33.75198332,74.25077264
20110612,15.39,51.19,28.0,17.86,10.15,4.26,4.36,33.75198332,74.25077264
20110613,0.0,46.77,30.17,15.34,14.83,4.3,4.05,33.75198332,74.25077264
20110614,0.05,39.05,32.13,16.08,16.04,5.38,5.38,33.75198332,74.25077264
20110615,0.29,41.28,31.85,16.65,15.2,4.4,3.98,33.75198332,74.25077264
20110616,2.3,45.76,31.17,17.42,13.75,4.6,4.21,33.75198332,74.25077264
20110617,5.43,50.63,29.55,18.89,10.65,4.78,4.86,33.75198332,74.25077264
20110618,1.88,53.33,28.37,17.71,10.67,4.73,4.59,33.75198332,74.25077264
20110619,3.31,55.45,28.77,17.25,11.52,4.89,4.7,33.75198332,74.25077264
20110620,5.68,56.77,28.32,18.8,9.52,4.03,3.69,33.75198332,74.25077264
20110621,1.33,52.29,31.66,16.91,14.75,5.1,4.83,33.75198332,74.25077264
20110622,0.3,55.9,31.33,18.75,12.58,4.24,3.59,33.75198332,74.25077264
20110623,3.25,55.53,30.75,19.64,11.11,3.74,3.29,33.75198332,74.25077264
20110624,0.85,50.29,32.29,19.08,13.21,4.28,3.73,33.75198332,74.25077264
20110625,0.28,46.94,33.46,19.5,13.96,4.89,4.54,33.75198332,74.25077264
20110626,2.17,50.25,31.4,20.09,11.31,4.35,4.06,33.75198332,74.25077264
20110627,3.35,56.05,30.29,17.85,12.44,4.74,4.61,33.75198332,74.25077264
20110628,5.13,63.08,28.47,17.89,10.58,5.03,4.96,33.75198332,74.25077264
20110629,2.69,67.39,27.35,18.15,9.19,3.94,3.4,33.75198332,74.25077264
20110630,3.69,64.91,27.34,17.57,9.77,5.31,5.29,33.75198332,74.25077264
20110701,3.51,59.61,27.68,17.47,10.21,4.83,4.65,33.75198332,74.25077264
20110702,0.68,59.46,26.78,16.54,10.23,4.4,4.04,33.75198332,74.25077264
20110703,0.59,58.85,26.83,17.22,9.61,3.25,3.03,33.75198332,74.25077264
20110704,0.07,50.18,29.37,14.81,14.56,4.25,3.79,33.75198332,74.25077264
20110705,0.0,48.73,30.38,16.57,13.81,4.46,4.1,33.75198332,74.25077264
20110706,5.62,56.97,29.91,17.64,12.27,5.05,4.82,33.75198332,74.25077264
20110707,16.73,69.13,27.14,18.39,8.75,4.8,4.53,33.75198332,74.25077264
20110708,8.77,67.92,27.02,17.77,9.26,4.55,4.23,33.75198332,74.25077264
20110709,2.61,65.7,27.88,17.01,10.87,4.18,3.84,33.75198332,74.25077264
20110710,1.32,65.07,26.49,17.45,9.04,3.38,3.19,33.75198332,74.25077264
20110711,0.0,60.43,28.29,17.8,10.49,4.44,4.18,33.75198332,74.25077264
20110712,0.0,57.67,30.77,16.93,13.83,4.84,4.6,33.75198332,74.25077264
20110713,4.65,63.38,29.8,19.49,10.31,4.61,4.12,33.75198332,74.25077264
20110714,21.9,71.55,27.31,19.61,7.71,4.27,3.93,33.75198332,74.25077264
20110715,14.42,79.43,25.34,17.96,7.38,5.15,4.96,33.75198332,74.25077264
20110716,9.38,74.49,23.38,16.66,6.72,3.5,3.27,33.75198332,74.25077264
20110717,0.0,64.87,26.95,15.42,11.53,4.73,4.33,33.75198332,74.25077264
20110718,0.0,66.16,26.66,16.64,10.02,4.78,4.47,33.75198332,74.25077264
20110719,0.02,62.96,28.31,17.28,11.03,4.24,3.77,33.75198332,74.25077264
20110720,0.04,60.03,28.86,17.24,11.62,5.05,4.93,33.75198332,74.25077264
20110721,0.74,62.64,28.4,18.88,9.52,4.0,3.78,33.75198332,74.25077264
20110722,0.45,64.74,28.79,18.69,10.1,4.51,4.24,33.75198332,74.25077264
20110723,5.13,68.72,28.78,18.82,9.96,4.69,4.36,33.75198332,74.25077264
20110724,6.85,77.61,27.63,18.47,9.16,4.63,4.13,33.75198332,74.25077264
20110725,1.07,80.89,25.41,18.29,7.12,4.21,3.82,33.75198332,74.25077264
20110726,2.28,81.95,23.27,18.51,4.76,4.07,4.0,33.75198332,74.25077264
20110727,1.41,72.19,27.9,18.17,9.73,4.47,4.26,33.75198332,74.25077264
20110728,4.56,68.64,28.27,17.3,10.97,4.15,3.77,33.75198332,74.25077264
20110729,1.23,68.54,27.37,17.44,9.93,3.99,3.73,33.75198332,74.25077264
20110730,0.03,59.99,28.77,16.3,12.48,4.33,3.84,33.75198332,74.25077264
20110731,0.14,59.99,28.44,17.26,11.18,4.03,3.7,33.75198332,74.25077264
20110801,0.14,58.64,29.72,17.21,12.51,4.41,4.44,33.75198332,74.25077264
20110802,0.22,59.53,29.78,18.28,11.51,4.54,4.18,33.75198332,74.25077264
20110803,0.28,56.49,31.09,17.53,13.56,5.2,4.88,33.75198332,74.25077264
20110804,6.08,68.36,29.04,18.6,10.44,4.11,3.43,33.75198332,74.25077264
20110805,1.07,71.04,29.05,18.55,10.5,3.59,3.26,33.75198332,74.25077264
20110806,6.35,73.71,29.14,19.36,9.78,4.1,3.53,33.75198332,74.25077264
20110807,6.89,73.76,28.82,19.2,9.61,4.32,3.97,33.75198332,74.25077264
20110808,2.36,78.36,26.22,18.27,7.95,4.28,3.68,33.75198332,74.25077264
20110809,3.44,77.83,25.79,17.55,8.24,4.45,4.08,33.75198332,74.25077264
20110810,14.04,85.52,23.6,18.14,5.47,3.4,2.71,33.75198332,74.25077264
20110811,14.93,85.65,24.72,16.93,7.79,2.57,1.79,33.75198332,74.25077264
20110812,10.33,80.64,24.13,16.27,7.86,3.78,3.62,33.75198332,74.25077264
20110813,0.4,77.19,22.03,16.16,5.87,3.17,3.47,33.75198332,74.25077264
20110814,0.07,69.38,24.95,14.93,10.02,3.23,2.75,33.75198332,74.25077264
20110815,4.36,72.52,25.18,16.12,9.06,3.34,2.92,33.75198332,74.25077264
20110816,2.19,71.66,25.4,15.98,9.43,4.2,3.89,33.75198332,74.25077264
20110817,0.16,75.13,24.69,15.55,9.14,3.35,2.75,33.75198332,74.25077264
20110818,0.08,72.58,25.34,16.62,8.72,3.56,3.09,33.75198332,74.25077264
20110819,1.67,69.38,26.59,16.46,10.13,4.22,3.71,33.75198332,74.25077264
20110820,2.63,73.07,26.58,16.62,9.96,4.13,3.6,33.75198332,74.25077264
20110821,0.01,72.47,27.81,17.45,10.37,4.93,4.59,33.75198332,74.25077264
20110822,0.0,73.26,28.61,18.29,10.32,4.36,3.9,33.75198332,74.25077264
20110823,0.76,71.29,29.41,18.67,10.73,4.63,4.16,33.75198332,74.25077264
20110824,7.81,77.34,28.4,18.74,9.66,3.89,3.39,33.75198332,74.25077264
20110825,2.18,85.12,23.9,18.93,4.97,2.29,1.67,33.75198332,74.25077264
20110826,5.05,79.85,26.27,18.18,8.08,3.51,3.5,33.75198332,74.25077264
20110827,17.5,81.79,26.27,18.24,8.04,3.69,3.24,33.75198332,74.25077264
20110828,0.85,74.53,25.73,17.22,8.51,3.8,3.49,33.75198332,74.25077264
20110829,0.01,69.27,26.38,16.63,9.76,3.64,3.3,33.75198332,74.25077264
20110830,0.0,71.3,25.75,16.84,8.9,3.02,2.67,33.75198332,74.25077264
20110831,11.87,69.8,26.68,17.16,9.51,4.29,4.02,33.75198332,74.25077264
20110901,10.13,73.99,23.68,17.59,6.09,1.71,1.88,33.75198332,74.25077264
20110902,0.1,67.23,25.45,15.21,10.25,3.31,2.91,33.75198332,74.25077264
20110903,0.05,67.16,26.88,15.97,10.92,4.81,4.54,33.75198332,74.25077264
20110904,0.89,73.9,25.33,16.5,8.83,3.96,3.67,33.75198332,74.25077264
20110905,0.07,70.42,27.04,16.55,10.49,4.38,4.26,33.75198332,74.25077264
20110906,0.06,71.03,27.4,16.57,10.83,4.78,4.35,33.75198332,74.25077264
20110907,0.29,79.23,25.63,17.62,8.01,4.74,4.56,33.75198332,74.25077264
20110908,7.55,79.35,26.24,17.62,8.62,3.91,3.63,33.75198332,74.25077264
20110909,8.26,80.92,25.46,17.1,8.36,3.93,3.64,33.75198332,74.25077264
20110910,0.15,76.65,25.9,16.64,9.26,4.37,4.23,33.75198332,74.25077264
20110911,0.0,76.83,25.33,16.99,8.34,4.77,4.86,33.75198332,74.25077264
20110912,0.01,77.73,26.35,17.41,8.94,4.32,4.14,33.75198332,74.25077264
20110913,2.32,75.21,27.3,16.95,10.35,3.77,3.28,33.75198332,74.25077264
20110914,4.74,74.78,26.36,17.22,9.13,3.46,2.97,33.75198332,74.25077264
20110915,21.23,80.93,22.61,15.15,7.46,3.9,3.98,33.75198332,74.25077264
20110916,10.62,70.84,23.51,13.29,10.23,2.66,1.97,33.75198332,74.25077264
20110917,0.06,62.97,24.12,11.08,13.03,3.76,3.49,33.75198332,74.25077264
20110918,0.36,66.51,23.36,11.87,11.49,3.81,3.7,33.75198332,74.25077264
20110919,0.37,68.88,22.86,12.51,10.35,4.01,3.7,33.75198332,74.25077264
20110920,0.0,59.5,24.23,11.15,13.08,3.75,3.47,33.75198332,74.25077264
20110921,0.0,59.25,25.01,10.71,14.3,4.34,4.25,33.75198332,74.25077264
20110922,0.0,64.75,24.1,11.19,12.91,4.14,3.99,33.75198332,74.25077264
20110923,0.0,61.98,24.85,11.48,13.37,4.61,4.48,33.75198332,74.25077264
20110924,0.0,56.31,25.54,10.94,14.6,3.76,3.65,33.75198332,74.25077264
20110925,0.0,59.65,24.58,12.03,12.54,4.29,3.99,33.75198332,74.25077264
20110926,0.0,62.2,24.33,11.56,12.77,4.23,4.03,33.75198332,74.25077264
20110927,0.0,61.13,24.92,12.3,12.63,4.37,4.06,33.75198332,74.25077264
20110928,0.0,57.17,25.09,11.14,13.95,4.03,3.64,33.75198332,74.25077264
20110929,0.0,59.43,24.53,10.67,13.86,4.47,4.07,33.75198332,74.25077264
20110930,0.0,58.7,24.8,10.03,14.78,4.28,3.93,33.75198332,74.25077264
20111001,0.0,65.15,24.65,12.03,12.62,3.9,3.54,33.75198332,74.25077264
20111002,0.0,52.72,27.4,11.63,15.77,4.53,4.42,33.75198332,74.25077264
20111003,0.0,44.57,27.5,10.54,16.96,4.79,4.43,33.75198332,74.25077264
20111004,0.44,51.52,25.97,11.24,14.72,4.32,3.91,33.75198332,74.25077264
20111005,2.79,64.28,24.54,11.05,13.48,4.4,4.02,33.75198332,74.25077264
20111006,1.15,63.44,23.45,11.56,11.89,3.91,3.6,33.75198332,74.25077264
20111007,3.17,61.05,22.18,11.71,10.47,3.15,3.08,33.75198332,74.25077264
20111008,0.07,57.07,22.47,8.96,13.51,3.39,3.34,33.75198332,74.25077264
20111009,0.0,50.52,23.73,8.81,14.92,3.69,3.62,33.75198332,74.25077264
20111010,0.0,43.63,24.36,9.03,15.33,3.58,3.52,33.75198332,74.25077264
20111011,0.0,40.37,25.42,9.29,16.13,3.56,3.72,33.75198332,74.25077264
20111012,0.0,41.22,25.47,9.42,16.05,4.07,3.91,33.75198332,74.25077264
20111013,0.0,44.73,24.97,10.94,14.03,4.88,4.76,33.75198332,74.25077264
20111014,0.74,47.42,22.24,10.43,11.81,3.07,2.89,33.75198332,74.25077264
20111015,0.0,38.96,22.99,8.29,14.7,3.91,3.79,33.75198332,74.25077264
20111016,0.0,40.79,22.48,8.4,14.08,3.69,3.6,33.75198332,74.25077264
20111017,0.0,42.54,21.84,8.28,13.56,3.61,3.51,33.75198332,74.25077264
20111018,0.0,42.1,22.22,7.7,14.52,4.08,4.31,33.75198332,74.25077264
20111019,0.0,41.02,22.49,7.54,14.95,4.56,4.52,33.75198332,74.25077264
20111020,0.08,46.34,20.41,7.49,12.92,3.61,3.51,33.75198332,74.25077264
20111021,0.2,53.19,19.62,7.27,12.35,4.08,4.04,33.75198332,74.25077264
20111022,4.19,65.18,16.9,6.85,10.05,2.32,3.77,33.75198332,74.25077264
20111023,14.3,73.38,16.21,6.06,10.16,3.34,3.51,33.75198332,74.25077264
20111024,0.25,48.81,18.88,3.96,14.92,3.39,3.98,33.75198332,74.25077264
20111025,0.0,39.91,19.2,4.73,14.47,3.39,3.26,33.75198332,74.25077264
20111026,0.0,41.02,20.0,3.62,16.38,3.35,3.55,33.75198332,74.25077264
20111027,0.0,36.49,21.21,5.11,16.09,4.11,3.97,33.75198332,74.25077264
20111028,0.0,39.12,20.3,6.69,13.61,3.75,3.49,33.75198332,74.25077264
20111029,0.0,43.27,20.22,6.5,13.72,3.99,3.78,33.75198332,74.25077264
20111030,0.0,45.72,19.89,6.35,13.53,4.4,4.59,33.75198332,74.25077264
20111031,0.0,53.5,18.53,5.33,13.2,3.57,3.34,33.75198332,74.25077264
20111101,0.05,54.4,18.69,5.19,13.51,3.26,3.14,33.75198332,74.25077264
20111102,0.03,50.98,18.8,5.41,13.39,3.58,3.52,33.75198332,74.25077264
20111103,1.27,51.11,18.18,7.89,10.29,3.53,3.6,33.75198332,74.25077264
20111104,5.88,61.95,16.21,5.14,11.07,2.49,2.68,33.75198332,74.25077264
20111105,0.01,55.97,18.36,3.73,14.63,3.27,3.99,33.75198332,74.25077264
20111106,0.0,39.26,19.64,3.7,15.94,2.24,2.96,33.75198332,74.25077264
20111107,0.02,31.08,20.42,2.61,17.81,3.29,4.79,33.75198332,74.25077264
20111108,0.2,40.29,19.73,4.69,15.04,2.5,3.01,33.75198332,74.25077264
20111109,1.58,75.19,16.15,7.47,8.67,4.3,4.62,33.75198332,74.25077264
20111110,1.22,64.53,18.79,7.99,10.8,2.66,4.08,33.75198332,74.25077264
20111111,2.42,63.6,18.9,7.94,10.96,2.89,3.33,33.75198332,74.25077264
20111112,0.0,52.8,18.8,6.51,12.29,3.47,3.55,33.75198332,74.25077264
20111113,0.0,52.2,18.0,4.21,13.79,3.96,3.82,33.75198332,74.25077264
20111114,0.0,48.92,17.98,4.06,13.92,4.12,4.09,33.75198332,74.25077264
20111115,0.05,55.4,16.69,5.78,10.91,3.47,3.46,33.75198332,74.25077264
20111116,0.1,48.0,16.88,3.11,13.77,2.71,2.82,33.75198332,74.25077264
20111117,0.0,43.03,17.88,4.15,13.73,2.19,2.32,33.75198332,74.25077264
20111118,0.0,48.27,19.05,4.59,14.46,3.46,4.23,33.75198332,74.25077264
20111119,0.0,47.37,19.52,5.1,14.42,3.82,3.73,33.75198332,74.25077264
20111120,0.0,40.11,20.44,5.21,15.23,1.73,2.29,33.75198332,74.25077264
20111121,0.27,33.22,21.38,4.43,16.96,2.33,3.3,33.75198332,74.25077264
20111122,0.0,33.84,19.42,7.13,12.29,2.34,3.07,33.75198332,74.25077264
20111123,0.0,34.48,19.2,5.97,13.23,2.96,2.93,33.75198332,74.25077264
20111124,0.0,40.95,17.92,5.62,12.3,4.39,4.39,33.75198332,74.25077264
20111125,0.0,39.72,18.35,4.04,14.31,3.33,3.24,33.75198332,74.25077264
20111126,0.0,39.63,16.9,2.98,13.93,3.73,3.67,33.75198332,74.25077264
20111127,0.0,42.59,15.92,2.45,13.47,3.33,3.08,33.75198332,74.25077264
20111128,0.0,43.6,15.92,3.01,12.91,3.05,3.18,33.75198332,74.25077264
20111129,0.0,31.51,17.93,2.13,15.8,2.44,3.36,33.75198332,74.25077264
20111130,0.0,17.85,22.79,4.48,18.31,2.79,3.76,33.75198332,74.25077264
20111201,0.05,23.07,19.64,4.93,14.71,3.17,3.17,33.75198332,74.25077264
20111202,0.0,25.86,18.79,5.9,12.89,3.94,3.7,33.75198332,74.25077264
20111203,0.0,32.95,16.92,4.08,12.84,3.29,3.42,33.75198332,74.25077264
20111204,0.0,30.92,16.42,2.51,13.9,3.56,3.92,33.75198332,74.25077264
20111205,0.0,34.53,14.37,2.4,11.97,4.8,5.0,33.75198332,74.25077264
20111206,0.09,34.38,14.39,1.72,12.67,2.38,2.95,33.75198332,74.25077264
20111207,2.35,53.21,12.76,1.12,11.64,3.52,3.64,33.75198332,74.25077264
20111208,4.31,74.52,12.8,1.5,11.3,3.57,3.26,33.75198332,74.25077264
20111209,4.46,69.31,11.54,2.64,8.9,1.94,2.27,33.75198332,74.25077264
20111210,0.0,44.16,13.16,-0.61,13.77,2.39,3.29,33.75198332,74.25077264
20111211,0.0,32.34,13.95,-1.65,15.6,3.09,4.36,33.75198332,74.25077264
20111212,0.0,29.64,12.64,-0.94,13.57,3.69,3.64,33.75198332,74.25077264
20111213,0.0,29.74,11.7,-0.22,11.92,1.6,2.34,33.75198332,74.25077264
20111214,0.0,27.62,12.71,-1.68,14.39,2.49,3.49,33.75198332,74.25077264
20111215,0.0,26.95,11.87,0.47,11.41,2.17,2.05,33.75198332,74.25077264
20111216,0.0,26.74,12.49,-1.53,14.02,2.98,3.16,33.75198332,74.25077264
20111217,0.0,23.87,13.43,-0.81,14.24,2.5,3.22,33.75198332,74.25077264
20111218,0.0,27.52,11.9,0.25,11.65,3.76,3.62,33.75198332,74.25077264
20111219,0.0,36.16,9.51,-0.76,10.27,3.67,3.64,33.75198332,74.25077264
20111220,1.77,64.41,4.55,-0.39,4.94,3.4,3.62,33.75198332,74.25077264
20111221,0.32,55.96,8.23,-1.07,9.3,3.31,3.4,33.75198332,74.25077264
20111222,0.0,46.87,8.69,-1.72,10.41,2.54,2.31,33.75198332,74.25077264
20111223,0.0,33.13,10.66,-3.4,14.06,2.17,2.94,33.75198332,74.25077264
20111224,0.0,25.39,10.22,-1.53,11.75,2.49,3.19,33.75198332,74.25077264
20111225,0.0,22.55,12.51,-2.63,15.14,2.68,3.66,33.75198332,74.25077264
20111226,0.0,25.68,12.27,-2.32,14.59,2.42,3.45,33.75198332,74.25077264
20111227,0.0,29.23,11.56,-0.66,12.21,2.93,3.44,33.75198332,74.25077264
20111228,0.0,32.19,12.13,-1.55,13.69,4.3,4.35,33.75198332,74.25077264
20111229,0.0,31.42,10.63,0.71,9.92,2.32,2.75,33.75198332,74.25077264
20111230,0.0,26.23,12.43,-2.81,15.23,3.5,4.5,33.75198332,74.25077264
20111231,0.0,33.6,11.16,-0.64,11.8,3.08,3.19,33.75198332,74.25077264
20120101,0.0,47.02,11.2,-0.45,11.65,2.11,2.2,33.75198332,74.25077264
20120102,0.0,39.52,10.83,0.92,9.91,2.45,2.23,33.75198332,74.25077264
20120103,0.02,38.4,10.5,0.48,10.02,3.18,2.99,33.75198332,74.25077264
20120104,0.65,64.07,5.75,0.13,5.62,3.11,3.16,33.75198332,74.25077264
20120105,1.21,80.3,4.43,-1.39,5.81,4.06,4.14,33.75198332,74.25077264
20120106,11.63,82.71,4.46,-1.28,5.74,4.23,4.79,33.75198332,74.25077264
20120107,6.86,75.16,3.01,-5.11,8.12,3.05,3.53,33.75198332,74.25077264
20120108,0.02,58.34,4.35,-7.18,11.54,2.99,4.1,33.75198332,74.25077264
20120109,0.0,50.69,5.57,-6.0,11.57,2.36,3.26,33.75198332,74.25077264
20120110,0.01,47.75,6.02,-7.71,13.72,3.56,4.59,33.75198332,74.25077264
20120111,0.05,44.02,6.46,-5.57,12.03,1.85,2.32,33.75198332,74.25077264
20120112,0.0,41.99,8.38,-3.87,12.25,2.41,3.17,33.75198332,74.25077264
20120113,0.0,38.83,8.85,-5.2,14.04,2.85,4.44,33.75198332,74.25077264
20120114,2.41,64.0,8.79,-2.58,11.38,2.92,4.34,33.75198332,74.25077264
20120115,23.77,93.19,3.45,-0.71,4.16,5.65,6.06,33.75198332,74.25077264
20120116,6.73,82.06,4.92,-1.83,6.75,2.0,2.19,33.75198332,74.25077264
20120117,0.03,71.43,6.17,-5.51,11.68,2.09,2.58,33.75198332,74.25077264
20120118,1.74,73.49,5.06,-7.04,12.09,3.78,4.91,33.75198332,74.25077264
20120119,3.07,77.46,1.95,-4.24,6.19,2.44,2.61,33.75198332,74.25077264
20120120,0.18,63.0,3.42,-8.54,11.96,2.85,4.23,33.75198332,74.25077264
20120121,0.01,45.99,5.56,-9.63,15.19,3.59,4.82,33.75198332,74.25077264
20120122,1.06,62.81,3.78,-4.66,8.45,2.93,2.9,33.75198332,74.25077264
20120123,0.25,70.59,6.15,-4.69,10.84,2.77,3.88,33.75198332,74.25077264
20120124,0.0,55.88,7.58,-6.6,14.18,3.65,4.6,33.75198332,74.25077264
20120125,0.3,53.59,6.91,-3.56,10.46,2.57,3.41,33.75198332,74.25077264
20120126,0.05,59.33,6.78,-4.44,11.21,4.03,4.13,33.75198332,74.25077264
20120127,0.0,48.22,6.66,-5.18,11.84,3.54,4.53,33.75198332,74.25077264
20120128,0.0,43.74,8.47,-5.12,13.59,3.2,3.96,33.75198332,74.25077264
20120129,0.0,39.82,9.35,-6.17,15.52,4.28,5.23,33.75198332,74.25077264
20120130,0.0,38.41,9.66,-6.38,16.04,4.36,5.68,33.75198332,74.25077264
20120131,0.0,48.25,7.84,-2.1,9.93,1.73,2.35,33.75198332,74.25077264
20120201,0.0,44.66,10.13,-5.1,15.24,4.15,4.99,33.75198332,74.25077264
20120202,0.01,43.36,11.71,0.99,10.71,3.12,3.09,33.75198332,74.25077264
20120203,3.25,74.24,6.26,-0.5,6.76,4.13,4.4,33.75198332,74.25077264
20120204,19.06,88.44,3.91,-1.52,5.43,4.99,5.48,33.75198332,74.25077264
20120205,4.65,85.07,4.76,-2.24,7.01,4.45,5.12,33.75198332,74.25077264
20120206,0.0,65.89,6.76,-3.85,10.62,3.75,4.07,33.75198332,74.25077264
20120207,0.0,60.59,6.84,-6.14,12.98,3.81,4.07,33.75198332,74.25077264
20120208,0.12,56.52,7.08,-3.9,10.99,2.7,2.86,33.75198332,74.25077264
20120209,0.0,44.62,7.71,-7.72,15.43,3.44,4.36,33.75198332,74.25077264
20120210,0.0,45.0,9.05,-4.39,13.44,3.04,3.17,33.75198332,74.25077264
20120211,1.55,56.53,8.25,-4.85,13.1,3.22,3.3,33.75198332,74.25077264
20120212,6.27,78.13,6.8,-2.56,9.36,4.12,3.74,33.75198332,74.25077264
20120213,11.25,88.45,4.31,-2.33,6.64,6.45,7.39,33.75198332,74.25077264
20120214,2.57,73.43,5.53,-3.54,9.06,5.0,5.25,33.75198332,74.25077264
20120215,0.11,56.1,6.51,-7.69,14.2,3.51,4.42,33.75198332,74.25077264
20120216,0.0,58.52,6.05,-2.86,8.91,3.07,3.17,33.75198332,74.25077264
20120217,0.0,55.23,7.35,-6.11,13.46,4.21,5.45,33.75198332,74.25077264
20120218,0.3,66.76,6.21,-2.06,8.27,2.44,4.05,33.75198332,74.25077264
20120219,0.27,78.58,8.35,-1.96,10.31,3.52,3.5,33.75198332,74.25077264
20120220,1.71,87.41,8.32,1.03,7.29,3.8,3.97,33.75198332,74.25077264
20120221,4.39,83.83,9.21,2.45,6.76,6.03,6.59,33.75198332,74.25077264
20120222,4.71,88.78,7.93,1.1,6.83,7.03,8.01,33.75198332,74.25077264
20120223,0.66,68.23,8.06,-1.45,9.51,6.43,7.01,33.75198332,74.25077264
20120224,0.03,48.72,7.51,-5.89,13.39,4.71,4.8,33.75198332,74.25077264
20120225,0.0,47.4,9.05,-3.42,12.47,3.42,3.51,33.75198332,74.25077264
20120226,0.0,45.3,12.48,-3.93,16.41,4.08,5.31,33.75198332,74.25077264
20120227,0.31,68.48,9.96,1.45,8.51,2.68,2.82,33.75198332,74.25077264
20120228,0.01,56.08,12.17,0.73,11.44,2.1,2.81,33.75198332,74.25077264
20120229,0.06,47.27,13.21,-0.84,14.05,4.8,5.04,33.75198332,74.25077264
20120301,0.25,44.54,12.56,-0.88,13.44,2.07,2.69,33.75198332,74.25077264
20120302,0.0,42.16,13.76,-1.57,15.33,2.77,3.87,33.75198332,74.25077264
20120303,0.18,47.81,15.32,1.88,13.44,3.68,4.16,33.75198332,74.25077264
20120304,15.07,75.26,11.94,3.19,8.75,6.51,6.93,33.75198332,74.25077264
20120305,3.7,69.97,12.5,2.93,9.57,4.16,4.35,33.75198332,74.25077264
20120306,0.0,46.61,13.59,0.97,12.62,4.19,4.28,33.75198332,74.25077264
20120307,0.54,41.53,11.88,1.07,10.81,4.78,4.92,33.75198332,74.25077264
20120308,1.33,39.01,10.33,1.45,8.88,3.04,2.83,33.75198332,74.25077264
20120309,0.17,42.92,11.51,-2.21,13.72,3.87,3.99,33.75198332,74.25077264
20120310,0.0,40.19,10.19,-1.11,11.29,2.85,3.6,33.75198332,74.25077264
20120311,0.0,47.22,9.4,-2.8,12.19,3.21,4.06,33.75198332,74.25077264
20120312,2.14,58.47,7.68,0.13,7.55,2.57,3.8,33.75198332,74.25077264
20120313,0.72,55.74,10.85,-0.56,11.4,4.64,4.48,33.75198332,74.25077264
20120314,0.05,50.1,12.18,0.59,11.59,3.15,3.54,33.75198332,74.25077264
20120315,0.0,40.18,14.45,-0.6,15.05,2.87,3.37,33.75198332,74.25077264
20120316,0.0,55.88,15.9,3.8,12.09,2.63,2.95,33.75198332,74.25077264
20120317,0.0,51.95,16.51,5.01,11.51,2.0,2.7,33.75198332,74.25077264
20120318,0.0,53.18,19.47,4.86,14.61,3.75,4.65,33.75198332,74.25077264
20120319,5.88,58.58,18.59,6.18,12.41,6.39,7.41,33.75198332,74.25077264
20120320,1.92,44.44,14.12,1.69,12.43,11.06,12.39,33.75198332,74.25077264
20120321,0.0,29.44,14.92,1.2,13.71,2.86,2.61,33.75198332,74.25077264
20120322,0.0,32.66,17.52,1.36,16.16,2.91,3.15,33.75198332,74.25077264
20120323,0.0,34.15,18.9,3.58,15.33,2.74,3.36,33.75198332,74.25077264
20120324,0.02,35.34,19.93,5.39,14.54,3.9,3.79,33.75198332,74.25077264
20120325,0.75,52.09,15.3,6.25,9.05,2.73,3.61,33.75198332,74.25077264
20120326,5.0,65.09,15.29,5.29,10.0,4.58,4.33,33.75198332,74.25077264
20120327,0.05,52.58,15.65,3.36,12.29,3.4,4.41,33.75198332,74.25077264
20120328,0.08,54.29,17.89,4.82,13.06,2.39,2.08,33.75198332,74.25077264
20120329,0.0,39.76,22.56,3.38,19.17,3.35,4.04,33.75198332,74.25077264
20120330,0.0,31.36,24.87,4.08,20.79,4.24,6.49,33.75198332,74.25077264
20120331,0.01,34.53,23.99,7.51,16.48,3.48,3.78,33.75198332,74.25077264
20120401,0.66,46.07,21.95,9.45,12.5,1.37,2.61,33.75198332,74.25077264
20120402,0.41,47.94,23.02,9.9,13.12,4.33,4.8,33.75198332,74.25077264
20120403,0.0,44.61,23.57,8.75,14.82,3.16,4.32,33.75198332,74.25077264
20120404,0.0,41.09,23.45,8.0,15.46,2.65,3.43,33.75198332,74.25077264
20120405,0.1,40.68,22.5,8.99,13.51,2.32,1.99,33.75198332,74.25077264
20120406,0.06,39.88,22.51,6.96,15.55,2.81,2.95,33.75198332,74.25077264
20120407,0.01,46.75,21.63,7.12,14.52,3.62,3.37,33.75198332,74.25077264
20120408,0.35,45.31,23.07,7.17,15.9,4.53,4.41,33.75198332,74.25077264
20120409,10.07,57.13,21.25,9.95,11.3,4.04,4.03,33.75198332,74.25077264
20120410,15.61,71.62,18.81,9.38,9.43,5.91,6.02,33.75198332,74.25077264
20120411,5.84,75.08,15.62,7.58,8.04,4.39,4.64,33.75198332,74.25077264
20120412,2.44,60.87,18.2,5.48,12.72,3.75,3.71,33.75198332,74.25077264
20120413,2.66,62.61,17.15,6.03,11.13,2.38,3.04,33.75198332,74.25077264
20120414,5.71,63.26,17.13,6.57,10.56,3.7,3.43,33.75198332,74.25077264
20120415,1.79,62.03,16.85,5.25,11.6,3.56,3.54,33.75198332,74.25077264
20120416,2.23,60.42,18.95,5.29,13.66,2.89,3.14,33.75198332,74.25077264
20120417,0.0,56.13,20.71,7.01,13.7,3.49,3.01,33.75198332,74.25077264
20120418,0.0,54.07,22.4,7.6,14.8,3.47,3.08,33.75198332,74.25077264
20120419,3.98,61.36,20.44,9.41,11.03,3.19,2.81,33.75198332,74.25077264
20120420,5.14,62.63,21.71,9.13,12.58,1.85,1.52,33.75198332,74.25077264
20120421,10.82,61.55,20.51,8.61,11.9,3.7,2.99,33.75198332,74.25077264
20120422,2.41,66.16,18.34,7.74,10.6,2.48,2.35,33.75198332,74.25077264
20120423,1.68,64.26,18.32,7.69,10.64,3.17,3.11,33.75198332,74.25077264
20120424,0.48,58.42,20.72,7.19,13.54,3.65,3.62,33.75198332,74.25077264
20120425,3.55,60.04,19.98,8.63,11.36,3.07,2.62,33.75198332,74.25077264
20120426,2.91,65.58,18.38,9.73,8.65,4.23,4.17,33.75198332,74.25077264
20120427,1.61,59.63,19.78,7.22,12.56,3.83,3.72,33.75198332,74.25077264
20120428,1.57,66.13,17.38,8.22,9.16,4.17,4.25,33.75198332,74.25077264
20120429,2.62,70.68,14.64,8.98,5.66,3.17,3.53,33.75198332,74.25077264
20120430,0.81,58.6,17.53,7.84,9.69,3.12,3.09,33.75198332,74.25077264
20120501,2.72,57.46,18.63,5.54,13.09,2.81,2.21,33.75198332,74.25077264
20120502,0.51,47.62,21.3,4.58,16.73,4.39,4.29,33.75198332,74.25077264
20120503,0.0,43.53,22.84,7.46,15.38,4.42,4.16,33.75198332,74.25077264
20120504,0.03,44.69,23.49,9.0,14.5,3.6,3.48,33.75198332,74.25077264
20120505,0.01,43.11,24.64,8.87,15.77,4.47,4.37,33.75198332,74.25077264
20120506,0.17,50.71,23.44,11.56,11.88,3.92,3.81,33.75198332,74.25077264
20120507,0.0,51.74,24.76,12.13,12.63,2.7,2.43,33.75198332,74.25077264
20120508,0.0,44.32,26.22,10.55,15.67,3.67,3.42,33.75198332,74.25077264
20120509,0.0,43.2,24.57,11.17,13.4,3.28,3.94,33.75198332,74.25077264
20120510,2.67,42.47,26.57,13.18,13.39,3.01,4.01,33.75198332,74.25077264
20120511,2.57,43.59,25.88,14.12,11.76,3.83,3.98,33.75198332,74.25077264
20120512,6.47,48.88,23.74,11.21,12.53,4.5,4.83,33.75198332,74.25077264
20120513,0.21,41.03,24.59,9.39,15.19,3.27,3.4,33.75198332,74.25077264
20120514,0.0,39.52,25.32,10.85,14.46,3.44,3.22,33.75198332,74.25077264
20120515,0.97,42.09,23.29,10.67,12.62,2.83,3.57,33.75198332,74.25077264
20120516,0.4,37.38,27.36,11.56,15.8,4.32,4.62,33.75198332,74.25077264
20120517,3.61,38.96,25.69,15.47,10.22,2.94,3.28,33.75198332,74.25077264
20120518,2.27,40.49,26.61,11.44,15.17,4.68,5.03,33.75198332,74.25077264
20120519,0.07,35.43,26.88,10.66,16.22,3.62,3.36,33.75198332,74.25077264
20120520,0.17,34.99,25.92,10.4,15.53,2.14,3.71,33.75198332,74.25077264
20120521,3.33,43.76,24.15,11.34,12.81,4.81,5.14,33.75198332,74.25077264
20120522,0.86,38.73,25.17,12.34,12.83,3.76,3.74,33.75198332,74.25077264
20120523,0.02,31.12,27.19,9.62,17.57,3.82,3.87,33.75198332,74.25077264
20120524,0.0,28.34,29.32,10.57,18.75,2.82,3.26,33.75198332,74.25077264
20120525,3.05,38.39,26.3,14.93,11.37,4.81,5.19,33.75198332,74.25077264
20120526,2.04,42.14,26.39,13.24,13.15,4.11,3.81,33.75198332,74.25077264
20120527,0.02,34.43,28.22,12.51,15.7,2.01,2.53,33.75198332,74.25077264
20120528,0.0,29.18,30.17,14.65,15.52,3.66,3.41,33.75198332,74.25077264
20120529,0.0,26.12,31.43,14.32,17.11,3.52,3.44,33.75198332,74.25077264
20120530,0.0,23.24,33.6,14.74,18.86,3.45,3.05,33.75198332,74.25077264
20120531,1.92,30.41,30.88,17.31,13.57,3.03,3.43,33.75198332,74.25077264
20120601,0.76,28.43,31.55,14.29,17.26,3.45,4.58,33.75198332,74.25077264
20120602,0.09,21.79,31.13,16.86,14.27,3.42,3.66,33.75198332,74.25077264
20120603,0.25,23.46,31.42,15.25,16.17,5.74,6.14,33.75198332,74.25077264
20120604,1.28,21.77,31.82,15.82,16.0,3.16,2.86,33.75198332,74.25077264
20120605,0.0,16.61,31.78,18.38,13.4,3.1,2.94,33.75198332,74.25077264
20120606,0.95,30.13,26.0,16.5,9.5,4.03,3.63,33.75198332,74.25077264
20120607,1.82,43.22,25.18,12.96,12.22,3.75,3.64,33.75198332,74.25077264
20120608,4.29,46.83,24.98,13.85,11.13,2.24,2.42,33.75198332,74.25077264
20120609,0.81,42.33,26.09,13.37,12.72,2.81,2.98,33.75198332,74.25077264
20120610,0.61,33.07,29.17,13.79,15.37,5.08,5.36,33.75198332,74.25077264
20120611,0.64,30.93,28.0,15.8,12.2,3.65,3.97,33.75198332,74.25077264
20120612,1.21,30.93,29.37,12.82,16.55,3.95,4.63,33.75198332,74.25077264
20120613,0.28,25.51,29.88,16.0,13.88,4.46,4.41,33.75198332,74.25077264
20120614,0.01,25.04,31.96,15.72,16.24,4.08,4.36,33.75198332,74.25077264
20120615,0.0,22.44,32.78,16.89,15.89,4.8,4.83,33.75198332,74.25077264
20120616,0.0,21.19,32.93,16.68,16.24,5.35,5.64,33.75198332,74.25077264
20120617,0.0,22.12,32.6,19.1,13.5,3.75,3.98,33.75198332,74.25077264
20120618,0.0,31.83,32.07,16.9,15.17,3.82,4.47,33.75198332,74.25077264
20120619,0.0,32.62,31.43,15.5,15.93,4.27,4.28,33.75198332,74.25077264
20120620,0.0,27.34,33.09,17.33,15.76,4.51,4.41,33.75198332,74.25077264
20120621,0.0,23.15,34.46,20.1,14.37,5.45,5.73,33.75198332,74.25077264
20120622,0.02,22.0,34.61,18.87,15.75,5.38,5.82,33.75198332,74.25077264
20120623,0.02,26.45,33.08,18.67,14.42,5.02,4.93,33.75198332,74.25077264
20120624,0.78,27.4,32.43,17.76,14.67,4.82,4.96,33.75198332,74.25077264
20120625,2.91,33.14,30.97,17.6,13.37,4.64,4.48,33.75198332,74.25077264
20120626,1.47,35.35,30.2,16.93,13.27,5.43,5.28,33.75198332,74.25077264
20120627,0.57,34.55,29.83,15.43,14.41,4.24,4.06,33.75198332,74.25077264
20120628,0.63,32.63,30.76,15.04,15.72,4.71,4.96,33.75198332,74.25077264
20120629,0.14,32.83,31.55,15.44,16.11,5.4,5.52,33.75198332,74.25077264
20120630,0.01,30.96,33.12,17.03,16.09,4.89,4.96,33.75198332,74.25077264
20120701,0.0,27.5,34.41,17.94,16.47,4.59,4.45,33.75198332,74.25077264
20120702,0.0,26.08,34.68,20.41,14.27,4.73,4.53,33.75198332,74.25077264
20120703,0.0,25.04,35.84,20.02,15.82,4.6,4.13,33.75198332,74.25077264
20120704,1.12,27.11,34.87,22.35,12.52,5.06,4.92,33.75198332,74.25077264
20120705,3.73,42.91,32.01,19.75,12.26,5.31,5.12,33.75198332,74.25077264
20120706,7.82,51.36,31.26,18.04,13.22,4.41,3.88,33.75198332,74.25077264
20120707,4.87,58.27,29.87,17.42,12.45,5.38,5.02,33.75198332,74.25077264
20120708,0.54,51.13,31.38,17.1,14.28,5.82,5.71,33.75198332,74.25077264
20120709,0.4,53.28,30.24,16.89,13.35,4.72,4.53,33.75198332,74.25077264
20120710,1.23,55.02,31.34,18.25,13.09,5.24,4.85,33.75198332,74.25077264
20120711,10.0,64.61,29.74,19.13,10.61,4.69,4.18,33.75198332,74.25077264
20120712,7.66,69.8,28.46,19.06,9.4,4.43,3.71,33.75198332,74.25077264
20120713,6.98,72.6,25.82,18.84,6.98,5.05,4.92,33.75198332,74.25077264
20120714,3.57,68.48,26.13,18.46,7.68,2.9,3.02,33.75198332,74.25077264
20120715,1.56,63.02,27.08,16.52,10.56,4.96,4.75,33.75198332,74.25077264
20120716,0.26,53.84,29.54,16.61,12.94,5.6,5.47,33.75198332,74.25077264
20120717,0.0,52.48,31.27,17.35,13.92,4.52,4.19,33.75198332,74.25077264
20120718,0.94,48.9,31.62,18.09,13.53,4.72,4.48,33.75198332,74.25077264
20120719,0.66,44.55,31.81,17.25,14.55,6.26,6.24,33.75198332,74.25077264
20120720,1.69,47.89,30.08,17.6,12.48,4.39,4.14,33.75198332,74.25077264
20120721,0.67,55.87,29.41,18.43,10.99,4.02,3.64,33.75198332,74.25077264
20120722,0.0,51.36,32.04,19.25,12.78,5.07,4.65,33.75198332,74.25077264
20120723,0.31,47.41,32.05,21.03,11.02,5.71,5.42,33.75198332,74.25077264
20120724,0.37,43.68,31.93,20.6,11.33,5.96,5.99,33.75198332,74.25077264
20120725,11.25,52.41,30.66,19.26,11.4,4.95,4.7,33.75198332,74.25077264
20120726,9.53,59.32,28.64,17.81,10.83,4.13,3.98,33.75198332,74.25077264
20120727,0.01,54.38,30.31,17.37,12.94,4.97,4.49,33.75198332,74.25077264
20120728,0.0,48.55,31.14,18.99,12.15,5.37,5.03,33.75198332,74.25077264
20120729,1.98,49.23,31.46,19.42,12.04,5.94,5.85,33.75198332,74.25077264
20120730,5.21,63.79,29.67,19.75,9.92,5.63,5.51,33.75198332,74.25077264
20120731,3.63,68.74,27.97,19.42,8.55,4.56,3.85,33.75198332,74.25077264
20120801,1.75,65.98,29.0,19.84,9.15,5.02,4.66,33.75198332,74.25077264
20120802,2.31,66.43,29.86,19.91,9.95,6.2,6.34,33.75198332,74.25077264
20120803,7.77,64.41,29.61,19.94,9.67,5.38,4.85,33.75198332,74.25077264
20120804,16.48,65.74,26.85,18.12,8.72,3.58,3.04,33.75198332,74.25077264
20120805,1.39,63.16,26.95,16.58,10.38,4.25,3.86,33.75198332,74.25077264
20120806,0.14,58.35,27.76,15.82,11.93,4.25,3.94,33.75198332,74.25077264
20120807,0.0,54.65,29.5,17.75,11.76,5.39,5.26,33.75198332,74.25077264
20120808,5.86,58.44,29.96,18.06,11.9,5.35,4.98,33.75198332,74.25077264
20120809,4.96,64.97,27.73,19.11,8.61,5.63,5.48,33.75198332,74.25077264
20120810,2.56,68.06,27.3,18.11,9.19,4.64,4.12,33.75198332,74.25077264
20120811,0.46,62.82,28.26,17.14,11.12,4.76,4.47,33.75198332,74.25077264
20120812,1.21,61.05,28.29,17.24,11.04,4.78,4.42,33.75198332,74.25077264
20120813,2.61,62.71,28.01,17.56,10.46,4.42,4.03,33.75198332,74.25077264
20120814,5.97,67.35,28.05,18.37,9.69,4.81,4.46,33.75198332,74.25077264
20120815,6.95,77.02,25.5,17.45,8.05,3.84,3.53,33.75198332,74.25077264
20120816,0.46,67.01,28.07,17.73,10.34,3.37,3.14,33.75198332,74.25077264
20120817,0.01,66.08,29.47,18.27,11.2,4.29,3.78,33.75198332,74.25077264
20120818,0.0,68.45,29.77,19.02,10.74,5.24,4.87,33.75198332,74.25077264
20120819,9.22,73.94,28.49,19.33,9.16,4.63,3.77,33.75198332,74.25077264
20120820,17.53,80.7,27.48,18.77,8.71,4.53,3.57,33.75198332,74.25077264
20120821,9.48,79.47,27.56,18.55,9.01,4.2,3.63,33.75198332,74.25077264
20120822,8.1,83.54,25.14,18.58,6.56,4.78,4.08,33.75198332,74.25077264
20120823,4.01,78.96,25.68,17.73,7.95,3.45,2.57,33.75198332,74.25077264
20120824,5.75,79.36,26.62,17.91,8.71,4.88,4.6,33.75198332,74.25077264
20120825,12.84,82.98,24.82,17.63,7.19,5.86,5.86,33.75198332,74.25077264
20120826,0.17,78.03,25.63,16.08,9.55,4.83,4.95,33.75198332,74.25077264
20120827,3.43,77.15,25.77,16.52,9.25,4.85,4.46,33.75198332,74.25077264
20120828,0.39,73.5,26.33,16.95,9.39,4.18,3.69,33.75198332,74.25077264
20120829,0.53,72.24,26.9,17.07,9.83,4.07,3.7,33.75198332,74.25077264
20120830,1.78,71.26,27.26,17.19,10.07,3.71,2.95,33.75198332,74.25077264
20120831,1.14,73.71,27.32,17.85,9.47,4.76,4.36,33.75198332,74.25077264
20120901,1.5,74.75,27.44,17.18,10.26,4.28,3.69,33.75198332,74.25077264
20120902,10.42,78.0,26.66,17.9,8.76,4.73,4.52,33.75198332,74.25077264
20120903,1.43,77.18,25.42,17.39,8.03,4.86,4.8,33.75198332,74.25077264
20120904,14.74,82.78,23.21,16.76,6.45,4.89,4.75,33.75198332,74.25077264
20120905,20.72,81.19,22.58,16.01,6.57,3.37,3.29,33.75198332,74.25077264
20120906,3.51,75.6,23.96,15.83,8.13,3.38,2.99,33.75198332,74.25077264
20120907,2.93,74.87,23.55,16.58,6.97,2.75,2.45,33.75198332,74.25077264
20120908,7.16,70.75,25.1,15.55,9.55,2.62,2.12,33.75198332,74.25077264
20120909,7.29,83.36,21.99,16.48,5.51,2.81,2.8,33.75198332,74.25077264
20120910,2.65,75.63,23.91,16.48,7.43,1.95,1.4,33.75198332,74.25077264
20120911,0.16,73.15,26.02,16.25,9.77,3.6,3.32,33.75198332,74.25077264
20120912,0.0,77.04,26.15,17.12,9.03,4.26,3.88,33.75198332,74.25077264
20120913,5.63,78.65,25.97,17.51,8.47,3.53,3.06,33.75198332,74.25077264
20120914,4.55,77.06,25.78,16.89,8.89,3.75,3.41,33.75198332,74.25077264
20120915,0.39,69.65,25.71,14.71,11.0,3.3,2.84,33.75198332,74.25077264
20120916,2.84,67.58,24.87,13.46,11.4,3.61,3.34,33.75198332,74.25077264
20120917,12.33,75.25,22.95,14.0,8.95,4.66,4.81,33.75198332,74.25077264
20120918,2.3,72.26,21.31,12.64,8.67,4.1,4.64,33.75198332,74.25077264
20120919,0.0,60.15,23.05,10.97,12.08,2.92,2.62,33.75198332,74.25077264
20120920,0.0,59.18,23.99,11.49,12.51,3.72,3.67,33.75198332,74.25077264
20120921,0.0,58.29,23.91,12.36,11.55,4.0,3.61,33.75198332,74.25077264
20120922,0.0,56.91,23.59,11.41,12.18,3.28,2.97,33.75198332,74.25077264
20120923,0.0,58.34,23.98,10.19,13.79,3.85,3.74,33.75198332,74.25077264
20120924,0.0,59.32,24.12,10.1,14.03,3.86,3.77,33.75198332,74.25077264
20120925,0.0,57.3,23.89,9.8,14.09,3.65,3.28,33.75198332,74.25077264
20120926,0.0,53.19,24.52,10.68,13.84,3.49,3.6,33.75198332,74.25077264
20120927,0.0,47.02,25.21,11.52,13.69,3.46,3.41,33.75198332,74.25077264
20120928,0.0,42.93,25.01,10.28,14.73,3.27,3.15,33.75198332,74.25077264
20120929,0.0,46.91,25.13,12.23,12.9,3.89,3.57,33.75198332,74.25077264
20120930,0.0,49.61,25.69,11.77,13.91,4.0,4.11,33.75198332,74.25077264
20121001,0.0,43.65,25.75,11.28,14.47,3.28,3.17,33.75198332,74.25077264
20121002,0.0,39.73,25.68,13.32,12.36,4.2,4.08,33.75198332,74.25077264
20121003,0.0,45.19,24.3,10.89,13.41,4.2,4.17,33.75198332,74.25077264
20121004,0.0,45.81,23.67,9.6,14.06,3.64,3.38,33.75198332,74.25077264
20121005,0.0,37.95,24.43,8.17,16.26,4.14,3.91,33.75198332,74.25077264
20121006,0.0,38.68,23.92,8.02,15.91,4.09,3.91,33.75198332,74.25077264
20121007,0.0,41.93,24.0,8.25,15.75,3.96,3.99,33.75198332,74.25077264
20121008,0.0,48.3,23.57,9.59,13.98,4.4,4.26,33.75198332,74.25077264
20121009,0.0,48.6,23.19,9.78,13.42,4.29,3.91,33.75198332,74.25077264
20121010,0.0,50.96,21.63,9.36,12.27,4.28,4.38,33.75198332,74.25077264
20121011,0.0,52.32,21.93,8.87,13.06,4.14,4.15,33.75198332,74.25077264
20121012,0.0,50.02,22.06,9.39,12.67,5.07,4.91,33.75198332,74.25077264
20121013,0.21,47.75,22.15,8.03,14.12,3.99,4.02,33.75198332,74.25077264
20121014,0.37,45.46,22.89,8.06,14.83,3.81,3.67,33.75198332,74.25077264
20121015,6.48,56.95,18.31,8.2,10.11,3.33,3.37,33.75198332,74.25077264
20121016,0.88,67.01,16.42,7.2,9.22,2.9,2.85,33.75198332,74.25077264
20121017,0.0,58.17,18.65,7.19,11.47,3.56,3.44,33.75198332,74.25077264
20121018,0.0,48.71,20.84,6.15,14.7,4.24,4.05,33.75198332,74.25077264
20121019,1.5,50.05,20.43,6.27,14.16,4.81,4.75,33.75198332,74.25077264
20121020,0.15,56.64,17.66,8.08,9.58,4.18,4.08,33.75198332,74.25077264
20121021,0.0,53.86,18.38,5.98,12.4,3.93,3.83,33.75198332,74.25077264
20121022,0.0,45.17,19.1,4.64,14.46,4.03,3.89,33.75198332,74.25077264
20121023,0.28,51.77,16.54,5.94,10.6,2.91,2.84,33.75198332,74.25077264
20121024,0.42,47.5,18.39,3.89,14.5,3.77,3.4,33.75198332,74.25077264
20121025,0.0,40.37,18.75,4.03,14.72,3.9,4.03,33.75198332,74.25077264
20121026,0.0,42.0,19.23,4.39,14.85,3.76,3.6,33.75198332,74.25077264
20121027,0.0,41.89,20.15,4.43,15.71,4.35,4.06,33.75198332,74.25077264
20121028,0.0,44.67,20.12,5.82,14.3,3.53,3.15,33.75198332,74.25077264
20121029,0.0,43.99,21.54,6.35,15.19,3.82,3.72,33.75198332,74.25077264
20121030,0.0,43.19,22.12,6.42,15.7,3.81,3.56,33.75198332,74.25077264
20121031,0.0,42.89,21.38,7.24,14.14,3.67,3.36,33.75198332,74.25077264
20121101,0.0,38.52,21.36,5.98,15.38,4.01,3.8,33.75198332,74.25077264
20121102,0.0,39.94,20.15,5.11,15.04,3.46,3.53,33.75198332,74.25077264
20121103,0.0,40.96,19.99,5.91,14.08,2.53,2.4,33.75198332,74.25077264
20121104,0.0,40.25,19.13,5.48,13.65,3.96,3.84,33.75198332,74.25077264
20121105,0.0,43.85,18.29,6.31,11.98,3.0,2.92,33.75198332,74.25077264
20121106,0.0,44.4,18.95,4.53,14.42,3.11,3.45,33.75198332,74.25077264
20121107,0.0,39.47,18.82,4.4,14.42,4.02,3.79,33.75198332,74.25077264
20121108,0.0,37.71,18.47,3.85,14.62,4.15,3.9,33.75198332,74.25077264
20121109,0.0,39.52,18.07,3.87,14.2,3.65,3.36,33.75198332,74.25077264
20121110,0.0,39.76,17.97,5.14,12.83,2.41,2.53,33.75198332,74.25077264
20121111,0.0,38.81,19.68,4.43,15.25,4.21,4.2,33.75198332,74.25077264
20121112,0.0,39.76,17.27,4.7,12.57,3.71,3.36,33.75198332,74.25077264
20121113,0.0,38.29,17.19,3.22,13.97,3.43,3.44,33.75198332,74.25077264
20121114,0.0,32.67,18.15,3.38,14.77,1.77,2.21,33.75198332,74.25077264
20121115,0.0,20.02,19.99,1.4,18.59,3.07,4.68,33.75198332,74.25077264
20121116,0.0,19.24,18.51,4.66,13.86,3.62,3.31,33.75198332,74.25077264
20121117,0.04,34.76,17.59,3.25,14.34,4.55,5.1,33.75198332,74.25077264
20121118,0.14,45.43,14.01,4.74,9.27,2.91,3.12,33.75198332,74.25077264
20121119,0.03,44.3,15.56,2.12,13.44,3.3,3.49,33.75198332,74.25077264
20121120,0.0,29.56,16.25,2.18,14.07,2.82,2.97,33.75198332,74.25077264
20121121,0.0,25.27,15.5,5.18,10.32,2.19,2.22,33.75198332,74.25077264
20121122,0.0,26.85,16.81,4.61,12.2,3.85,3.87,33.75198332,74.25077264
20121123,0.0,29.13,13.54,4.02,9.52,2.97,2.84,33.75198332,74.25077264
20121124,0.0,47.11,9.51,1.6,7.91,2.28,2.56,33.75198332,74.25077264
20121125,0.0,39.5,15.05,0.27,14.77,3.17,3.76,33.75198332,74.25077264
20121126,0.0,36.26,14.72,3.61,11.11,3.62,3.51,33.75198332,74.25077264
20121127,0.0,33.61,15.91,1.92,13.99,3.45,3.55,33.75198332,74.25077264
20121128,4.12,45.2,13.65,2.66,10.99,3.12,2.95,33.75198332,74.25077264
20121129,3.2,71.06,9.66,1.96,7.7,3.79,3.93,33.75198332,74.25077264
20121130,0.0,39.45,13.44,-0.68,14.12,1.9,2.78,33.75198332,74.25077264
20121201,0.0,26.08,15.48,-0.34,15.81,2.48,3.54,33.75198332,74.25077264
20121202,0.0,25.76,15.18,1.03,14.15,3.06,2.9,33.75198332,74.25077264
20121203,0.0,24.56,16.26,-0.08,16.34,2.29,3.42,33.75198332,74.25077264
20121204,0.0,24.64,17.93,0.64,17.29,3.06,4.66,33.75198332,74.25077264
20121205,0.0,26.66,16.08,2.78,13.3,2.72,4.16,33.75198332,74.25077264
20121206,0.0,25.45,16.14,4.65,11.49,2.14,3.04,33.75198332,74.25077264
20121207,0.0,26.94,16.5,3.83,12.67,2.27,3.31,33.75198332,74.25077264
20121208,0.0,36.58,16.11,4.92,11.19,3.53,3.67,33.75198332,74.25077264
20121209,0.0,40.76,16.32,2.66,13.66,2.38,3.23,33.75198332,74.25077264
20121210,0.0,43.28,13.09,3.92,9.17,3.42,3.57,33.75198332,74.25077264
20121211,0.47,61.56,8.25,2.6,5.65,2.97,3.07,33.75198332,74.25077264
20121212,0.09,55.88,9.9,-1.07,10.97,3.21,3.04,33.75198332,74.25077264
20121213,13.33,77.86,4.71,0.2,4.51,2.14,2.08,33.75198332,74.25077264
20121214,8.5,93.33,4.69,-0.12,4.8,3.45,3.7,33.75198332,74.25077264
20121215,0.78,87.86,6.17,-0.49,6.67,3.17,3.71,33.75198332,74.25077264
20121216,0.1,72.91,8.12,-1.99,10.11,3.21,3.46,33.75198332,74.25077264
20121217,0.07,50.21,11.7,-2.88,14.58,3.43,5.14,33.75198332,74.25077264
20121218,0.3,67.94,9.81,0.01,9.8,3.19,3.24,33.75198332,74.25077264
20121219,0.0,43.85,11.36,-3.2,14.56,2.84,2.85,33.75198332,74.25077264
20121220,0.0,31.1,13.08,-1.76,14.84,1.55,2.48,33.75198332,74.25077264
20121221,0.0,28.9,14.9,-2.08,16.98,3.35,5.2,33.75198332,74.25077264
20121222,0.0,28.3,16.99,-1.42,18.41,3.63,5.14,33.75198332,74.25077264
20121223,0.0,30.54,15.11,1.72,13.4,3.52,3.3,33.75198332,74.25077264
20121224,0.0,40.01,12.43,2.27,10.16,3.56,3.55,33.75198332,74.25077264
20121225,0.0,40.07,13.27,-0.74,14.01,2.58,4.01,33.75198332,74.25077264
20121226,0.0,31.02,13.98,0.21,13.76,3.58,3.5,33.75198332,74.25077264
20121227,3.64,45.91,11.2,2.28,8.92,2.76,3.11,33.75198332,74.25077264
20121228,11.01,73.05,5.06,0.74,4.32,3.77,4.12,33.75198332,74.25077264
20121229,3.59,76.51,6.33,-0.19,6.52,4.35,5.07,33.75198332,74.25077264
20121230,0.02,58.01,10.48,-1.46,11.94,2.16,3.55,33.75198332,74.25077264
20121231,0.0,38.35,12.62,-4.6,17.23,3.95,5.28,33.75198332,74.25077264
20130101,0.0,40.68,9.18,-0.75,9.93,5.46,5.79,33.75198332,74.25077264
20130102,0.0,42.1,10.47,-4.12,14.59,2.75,3.67,33.75198332,74.25077264
20130103,0.0,42.35,8.92,-1.79,10.71,4.27,4.22,33.75198332,74.25077264
20130104,0.0,44.24,7.57,-3.42,11.0,2.8,2.51,33.75198332,74.25077264
20130105,0.0,37.26,8.38,-3.58,11.96,2.7,2.67,33.75198332,74.25077264
20130106,0.0,39.78,7.02,-3.76,10.78,3.94,3.8,33.75198332,74.25077264
20130107,0.0,38.85,7.65,-5.0,12.66,2.44,2.94,33.75198332,74.25077264
20130108,0.02,35.57,8.17,-5.06,13.23,2.92,3.97,33.75198332,74.25077264
20130109,0.27,59.46,9.39,-1.98,11.38,2.46,2.57,33.75198332,74.25077264
20130110,0.0,38.87,11.81,-3.95,15.76,3.1,4.22,33.75198332,74.25077264
20130111,0.05,31.18,13.92,-2.78,16.7,3.14,4.96,33.75198332,74.25077264
20130112,3.87,80.96,8.45,1.51,6.94,5.97,6.48,33.75198332,74.25077264
20130113,0.0,49.36,10.76,-1.38,12.15,2.52,2.67,33.75198332,74.25077264
20130114,0.0,45.67,10.24,-1.63,11.87,3.17,3.34,33.75198332,74.25077264
20130115,0.0,35.13,10.64,-0.28,10.92,3.57,3.5,33.75198332,74.25077264
20130116,0.34,50.51,9.03,-0.33,9.36,4.25,4.37,33.75198332,74.25077264
20130117,20.06,83.89,3.84,-0.11,3.95,2.3,2.57,33.75198332,74.25077264
20130118,5.18,87.47,2.71,-4.05,6.76,2.01,2.39,33.75198332,74.25077264
20130119,1.1,67.4,4.28,-6.45,10.73,2.86,3.4,33.75198332,74.25077264
20130120,0.0,56.41,6.99,-7.59,14.58,3.39,4.44,33.75198332,74.25077264
20130121,0.06,43.04,8.62,-7.93,16.55,4.58,6.26,33.75198332,74.25077264
20130122,0.0,44.15,9.08,-6.35,15.44,4.26,5.44,33.75198332,74.25077264
20130123,0.0,67.89,5.36,-4.1,9.46,2.65,4.31,33.75198332,74.25077264
20130124,0.0,45.32,10.28,-6.33,16.61,4.4,5.18,33.75198332,74.25077264
20130125,0.0,37.89,11.29,-4.96,16.26,3.35,5.32,33.75198332,74.25077264
20130126,0.0,37.32,12.38,-4.33,16.71,3.97,4.83,33.75198332,74.25077264
20130127,0.0,36.39,13.46,-3.25,16.71,3.95,5.72,33.75198332,74.25077264
20130128,0.0,45.37,13.91,-0.06,13.96,2.82,3.71,33.75198332,74.25077264
20130129,0.0,36.43,14.45,-1.17,15.62,4.34,4.95,33.75198332,74.25077264
20130130,0.0,43.15,12.47,0.33,12.14,2.41,3.48,33.75198332,74.25077264
20130131,0.0,55.84,11.46,2.22,9.24,2.39,4.03,33.75198332,74.25077264
20130201,0.0,52.92,13.81,-0.39,14.2,2.82,3.78,33.75198332,74.25077264
20130202,0.0,71.74,10.49,2.65,7.84,3.42,3.22,33.75198332,74.25077264
20130203,4.66,82.04,8.66,1.02,7.64,1.77,2.84,33.75198332,74.25077264
20130204,35.84,92.15,5.69,0.3,5.39,5.83,7.62,33.75198332,74.25077264
20130205,19.91,97.91,4.06,1.98,2.08,5.29,7.94,33.75198332,74.25077264
20130206,0.1,70.94,7.36,-3.82,11.18,2.64,3.46,33.75198332,74.25077264
20130207,0.0,53.83,9.38,-7.0,16.38,2.29,3.74,33.75198332,74.25077264
20130208,0.0,46.62,10.84,-8.79,19.63,6.04,8.35,33.75198332,74.25077264
20130209,0.0,39.29,11.51,-4.33,15.84,3.35,4.92,33.75198332,74.25077264
20130210,0.0,44.69,11.3,-2.03,13.33,4.15,4.41,33.75198332,74.25077264
20130211,0.0,50.65,10.97,-1.07,12.04,3.13,3.37,33.75198332,74.25077264
20130212,0.0,50.82,12.44,2.73,9.7,3.53,3.31,33.75198332,74.25077264
20130213,0.0,51.34,12.52,1.91,10.61,2.97,2.69,33.75198332,74.25077264
20130214,1.05,69.53,9.52,2.17,7.36,1.81,2.68,33.75198332,74.25077264
20130215,2.4,82.67,8.01,2.22,5.78,2.69,3.06,33.75198332,74.25077264
20130216,0.79,70.59,10.71,1.32,9.4,2.79,2.73,33.75198332,74.25077264
20130217,0.52,60.35,11.36,1.01,10.34,3.65,3.44,33.75198332,74.25077264
20130218,0.11,54.67,12.06,0.04,12.02,3.36,2.85,33.75198332,74.25077264
20130219,0.0,50.99,11.94,0.62,11.32,2.16,2.86,33.75198332,74.25077264
20130220,0.0,50.65,12.75,1.11,11.64,2.46,2.87,33.75198332,74.25077264
20130221,7.57,69.8,9.81,1.67,8.13,2.29,3.31,33.75198332,74.25077264
20130222,24.99,94.01,5.63,1.92,3.71,5.15,6.22,33.75198332,74.25077264
20130223,3.96,83.42,7.11,-1.36,8.48,2.18,3.24,33.75198332,74.25077264
20130224,0.0,68.91,11.63,-1.95,13.58,2.88,3.94,33.75198332,74.25077264
20130225,0.17,73.21,11.41,1.91,9.5,3.01,3.06,33.75198332,74.25077264
20130226,8.5,81.52,9.01,3.71,5.3,3.77,4.14,33.75198332,74.25077264
20130227,22.58,87.33,6.54,1.31,5.23,7.0,8.24,33.75198332,74.25077264
20130228,0.92,72.66,8.51,-1.82,10.33,2.52,2.76,33.75198332,74.25077264
20130301,0.0,47.76,14.85,-3.28,18.13,3.5,5.15,33.75198332,74.25077264
20130302,0.0,43.77,17.89,-0.61,18.5,4.32,6.15,33.75198332,74.25077264
20130303,0.0,41.96,19.39,2.01,17.38,3.98,5.37,33.75198332,74.25077264
20130304,0.0,43.38,18.29,5.88,12.41,3.89,3.76,33.75198332,74.25077264
20130305,0.0,50.47,18.48,3.64,14.84,2.68,3.92,33.75198332,74.25077264
20130306,0.0,45.12,19.65,3.45,16.2,2.75,3.86,33.75198332,74.25077264
20130307,0.0,44.98,20.13,3.41,16.73,4.06,4.81,33.75198332,74.25077264
20130308,0.0,51.55,18.67,5.48,13.19,3.47,3.26,33.75198332,74.25077264
20130309,0.02,59.52,14.85,7.43,7.42,3.47,3.89,33.75198332,74.25077264
20130310,0.0,56.03,17.07,5.2,11.86,2.76,2.57,33.75198332,74.25077264
20130311,0.0,58.92,16.21,4.87,11.33,1.74,2.44,33.75198332,74.25077264
20130312,1.93,61.56,16.06,5.74,10.32,3.02,3.08,33.75198332,74.25077264
20130313,7.08,75.52,13.51,5.63,7.88,5.17,5.35,33.75198332,74.25077264
20130314,12.87,76.8,13.35,5.81,7.54,4.91,5.59,33.75198332,74.25077264
20130315,0.17,65.46,14.22,3.51,10.71,2.32,2.68,33.75198332,74.25077264
20130316,0.92,60.38,15.48,3.63,11.85,4.28,4.25,33.75198332,74.25077264
20130317,0.75,61.41,15.01,4.54,10.47,2.97,2.73,33.75198332,74.25077264
20130318,0.0,60.51,16.9,4.13,12.77,3.24,3.71,33.75198332,74.25077264
20130319,0.0,56.91,20.15,4.6,15.55,3.31,4.45,33.75198332,74.25077264
20130320,2.42,65.21,16.33,7.53,8.81,3.13,3.29,33.75198332,74.25077264
20130321,0.25,58.4,19.04,5.56,13.48,3.2,3.12,33.75198332,74.25077264
20130322,0.18,49.17,20.92,3.75,17.17,4.39,4.67,33.75198332,74.25077264
20130323,10.09,63.71,16.07,6.8,9.27,2.95,3.14,33.75198332,74.25077264
20130324,21.31,79.5,12.32,5.49,6.83,5.48,6.15,33.75198332,74.25077264
20130325,0.0,54.68,17.29,2.54,14.75,2.32,2.56,33.75198332,74.25077264
20130326,0.0,50.1,18.62,1.99,16.63,4.24,5.18,33.75198332,74.25077264
20130327,0.0,54.47,17.74,8.4,9.34,3.15,3.05,33.75198332,74.25077264
20130328,0.61,68.81,13.76,7.2,6.56,2.46,2.92,33.75198332,74.25077264
20130329,0.14,61.93,16.96,6.14,10.83,2.28,2.07,33.75198332,74.25077264
20130330,0.0,63.95,17.87,6.35,11.52,3.48,3.01,33.75198332,74.25077264
20130331,0.23,62.03,19.67,7.25,12.42,3.69,3.17,33.75198332,74.25077264
20130401,5.29,55.48,19.49,6.1,13.39,4.76,4.85,33.75198332,74.25077264
20130402,11.54,65.4,14.86,6.69,8.17,1.73,2.59,33.75198332,74.25077264
20130403,3.17,60.95,17.7,6.25,11.45,2.23,1.83,33.75198332,74.25077264
20130404,0.76,52.49,18.02,4.07,13.96,3.79,3.54,33.75198332,74.25077264
20130405,0.07,48.61,19.26,3.69,15.57,4.92,4.69,33.75198332,74.25077264
20130406,0.0,44.63,20.32,4.6,15.72,4.19,4.26,33.75198332,74.25077264
20130407,0.0,51.65,19.21,10.06,9.14,4.19,4.09,33.75198332,74.25077264
20130408,0.02,55.26,21.0,7.4,13.61,3.09,3.39,33.75198332,74.25077264
20130409,0.87,58.34,20.72,8.68,12.04,3.37,3.65,33.75198332,74.25077264
20130410,1.07,52.74,20.59,7.78,12.81,3.69,4.72,33.75198332,74.25077264
20130411,0.0,51.89,21.88,7.1,14.78,2.38,2.45,33.75198332,74.25077264
20130412,0.0,55.31,20.91,7.78,13.13,3.13,3.44,33.75198332,74.25077264
20130413,0.0,54.49,21.19,9.01,12.18,2.32,2.23,33.75198332,74.25077264
20130414,0.49,54.76,20.52,11.08,9.44,1.68,1.83,33.75198332,74.25077264
20130415,0.3,52.8,22.84,8.45,14.39,4.3,4.1,33.75198332,74.25077264
20130416,25.71,64.46,18.6,8.71,9.89,3.63,3.68,33.75198332,74.25077264
20130417,0.02,45.39,21.51,5.79,15.72,3.14,3.48,33.75198332,74.25077264
20130418,0.0,40.03,22.15,7.07,15.08,3.46,3.21,33.75198332,74.25077264
20130419,0.18,43.62,22.87,8.37,14.5,3.2,3.18,33.75198332,74.25077264
20130420,5.58,54.28,19.86,10.02,9.85,2.71,2.64,33.75198332,74.25077264
20130421,4.29,70.62,14.72,8.47,6.25,1.33,2.25,33.75198332,74.25077264
20130422,0.0,62.85,19.85,8.17,11.68,3.32,3.15,33.75198332,74.25077264
20130423,0.59,61.82,20.93,8.63,12.3,3.75,3.3,33.75198332,74.25077264
20130424,2.5,54.9,22.34,8.94,13.4,4.03,3.73,33.75198332,74.25077264
20130425,3.26,57.52,20.68,10.7,9.98,1.41,1.07,33.75198332,74.25077264
20130426,7.18,62.03,19.97,12.46,7.51,4.83,5.01,33.75198332,74.25077264
20130427,0.81,59.19,22.47,9.21,13.26,4.68,4.55,33.75198332,74.25077264
20130428,0.0,53.96,20.73,8.74,11.99,4.64,4.74,33.75198332,74.25077264
20130429,0.03,47.11,22.08,9.73,12.35,3.82,3.62,33.75198332,74.25077264
20130430,0.14,40.08,23.38,7.17,16.21,4.78,5.06,33.75198332,74.25077264
20130501,0.36,37.47,22.59,10.83,11.76,4.02,4.12,33.75198332,74.25077264
20130502,0.0,40.46,24.22,8.61,15.61,2.93,3.14,33.75198332,74.25077264
20130503,0.0,37.9,24.88,9.71,15.16,3.53,3.23,33.75198332,74.25077264
20130504,0.25,40.92,23.97,11.78,12.18,3.0,3.13,33.75198332,74.25077264
20130505,1.91,46.22,24.6,10.63,13.96,2.21,2.25,33.75198332,74.25077264
20130506,0.74,45.07,24.44,10.05,14.38,2.44,1.99,33.75198332,74.25077264
20130507,0.54,42.44,25.36,9.87,15.49,4.26,4.0,33.75198332,74.25077264
20130508,0.08,43.78,25.53,12.19,13.34,4.64,4.42,33.75198332,74.25077264
20130509,0.0,41.64,26.86,10.97,15.89,4.21,4.06,33.75198332,74.25077264
20130510,0.48,46.2,24.54,14.25,10.29,3.16,3.5,33.75198332,74.25077264
20130511,0.97,53.19,22.75,11.57,11.18,2.2,2.83,33.75198332,74.25077264
20130512,5.12,60.29,20.1,12.35,7.75,4.45,4.62,33.75198332,74.25077264
20130513,0.94,55.49,22.56,9.64,12.92,3.81,3.71,33.75198332,74.25077264
20130514,1.51,45.35,24.95,9.77,15.18,2.61,2.33,33.75198332,74.25077264
20130515,0.43,40.44,26.86,10.46,16.39,4.41,4.16,33.75198332,74.25077264
20130516,0.01,36.18,28.31,12.18,16.13,3.34,2.69,33.75198332,74.25077264
20130517,0.0,28.78,29.59,12.8,16.78,4.42,4.03,33.75198332,74.25077264
20130518,0.0,25.66,31.54,13.66,17.88,3.67,3.42,33.75198332,74.25077264
20130519,0.0,25.17,31.44,13.17,18.27,5.41,5.81,33.75198332,74.25077264
20130520,0.07,28.18,30.85,17.4,13.45,2.87,2.97,33.75198332,74.25077264
20130521,0.0,26.03,32.22,15.14,17.08,2.68,2.04,33.75198332,74.25077264
20130522,0.0,25.57,32.84,16.21,16.63,3.86,3.69,33.75198332,74.25077264
20130523,0.0,19.96,33.74,16.01,17.74,3.27,3.2,33.75198332,74.25077264
20130524,0.0,21.02,34.13,16.83,17.3,4.25,4.39,33.75198332,74.25077264
20130525,0.2,24.68,32.34,19.82,12.52,5.11,5.3,33.75198332,74.25077264
20130526,13.06,40.98,29.37,17.72,11.65,5.36,5.43,33.75198332,74.25077264
20130527,5.07,39.3,27.29,12.85,14.44,3.84,3.78,33.75198332,74.25077264
20130528,0.03,30.87,26.44,12.82,13.63,3.71,3.67,33.75198332,74.25077264
20130529,0.12,29.46,26.15,11.39,14.77,3.82,3.89,33.75198332,74.25077264
20130530,0.05,26.48,29.89,11.74,18.15,3.33,2.96,33.75198332,74.25077264
20130531,0.0,22.83,31.93,13.62,18.32,4.43,4.06,33.75198332,74.25077264
20130601,0.0,21.71,31.78,15.28,16.5,4.28,4.44,33.75198332,74.25077264
20130602,2.81,24.35,31.55,18.22,13.33,4.45,4.45,33.75198332,74.25077264
20130603,4.89,39.49,29.61,16.19,13.42,4.43,4.07,33.75198332,74.25077264
20130604,0.0,36.4,31.39,16.91,14.47,4.41,4.4,33.75198332,74.25077264
20130605,0.0,30.73,32.79,17.71,15.08,4.87,5.03,33.75198332,74.25077264
20130606,0.0,24.78,33.1,20.41,12.69,4.59,4.69,33.75198332,74.25077264
20130607,0.0,22.7,33.02,19.43,13.59,4.07,3.96,33.75198332,74.25077264
20130608,0.0,18.47,33.67,18.03,15.65,3.6,3.12,33.75198332,74.25077264
20130609,0.0,18.41,35.28,17.89,17.39,3.98,3.73,33.75198332,74.25077264
20130610,0.0,22.61,35.1,19.45,15.66,4.57,4.47,33.75198332,74.25077264
20130611,2.49,33.89,34.38,22.67,11.71,5.01,5.23,33.75198332,74.25077264
20130612,6.12,62.72,28.53,19.55,8.98,3.12,1.96,33.75198332,74.25077264
20130613,1.86,63.54,28.13,18.4,9.73,3.99,3.62,33.75198332,74.25077264
20130614,5.79,68.43,25.47,17.54,7.93,4.81,4.38,33.75198332,74.25077264
20130615,8.6,75.03,20.61,13.94,6.66,3.21,3.24,33.75198332,74.25077264
20130616,0.94,47.13,26.4,12.35,14.05,4.45,4.39,33.75198332,74.25077264
20130617,3.41,45.11,26.55,12.52,14.03,4.68,4.65,33.75198332,74.25077264
20130618,3.86,49.76,25.49,14.19,11.3,3.77,3.6,33.75198332,74.25077264
20130619,0.0,44.4,29.1,14.35,14.75,4.77,4.93,33.75198332,74.25077264
20130620,0.0,41.21,32.09,15.64,16.46,5.55,5.3,33.75198332,74.25077264
20130621,0.0,40.61,32.99,17.71,15.28,4.76,4.26,33.75198332,74.25077264
20130622,0.0,37.46,33.95,18.34,15.61,5.43,5.25,33.75198332,74.25077264
20130623,0.0,41.95,33.48,19.69,13.79,5.29,5.06,33.75198332,74.25077264
20130624,0.0,42.72,33.83,20.83,13.0,4.91,4.5,33.75198332,74.25077264
20130625,1.0,44.68,32.84,21.62,11.23,5.03,5.0,33.75198332,74.25077264
20130626,6.16,54.71,30.58,20.37,10.21,4.97,4.81,33.75198332,74.25077264
20130627,5.46,58.2,29.05,19.65,9.4,3.83,3.65,33.75198332,74.25077264
20130628,15.81,56.46,29.87,18.5,11.37,5.06,5.16,33.75198332,74.25077264
20130629,0.76,56.55,27.92,17.66,10.25,5.44,5.67,33.75198332,74.25077264
20130630,1.44,56.88,27.8,17.74,10.06,4.34,4.36,33.75198332,74.25077264
20130701,1.75,46.66,29.35,17.67,11.69,4.38,4.12,33.75198332,74.25077264
20130702,0.0,42.92,30.26,16.32,13.93,4.02,3.88,33.75198332,74.25077264
20130703,0.0,41.39,30.67,16.74,13.93,4.15,3.88,33.75198332,74.25077264
20130704,0.01,43.34,31.79,18.03,13.75,4.02,3.8,33.75198332,74.25077264
20130705,3.59,49.3,31.31,18.75,12.55,4.67,4.31,33.75198332,74.25077264
20130706,6.19,59.35,29.53,20.09,9.43,4.88,4.84,33.75198332,74.25077264
20130707,13.22,70.5,28.19,19.09,9.1,4.31,3.89,33.75198332,74.25077264
20130708,11.82,68.48,28.43,18.77,9.66,4.29,3.88,33.75198332,74.25077264
20130709,15.61,64.65,26.98,17.39,9.59,4.35,4.26,33.75198332,74.25077264
20130710,2.02,54.97,27.41,14.79,12.62,4.0,3.77,33.75198332,74.25077264
20130711,0.08,52.05,28.54,14.73,13.81,4.08,3.71,33.75198332,74.25077264
20130712,0.03,47.84,29.69,15.94,13.74,4.38,4.17,33.75198332,74.25077264
20130713,1.14,58.1,29.55,17.83,11.72,4.42,4.07,33.75198332,74.25077264
20130714,3.76,66.38,29.09,18.97,10.11,4.79,4.54,33.75198332,74.25077264
20130715,8.41,67.86,28.61,19.51,9.09,4.21,3.82,33.75198332,74.25077264
20130716,1.21,64.57,29.53,18.88,10.65,4.66,4.49,33.75198332,74.25077264
20130717,3.49,67.15,28.79,19.01,9.79,4.49,4.08,33.75198332,74.25077264
20130718,0.47,64.16,29.67,19.15,10.52,4.14,3.7,33.75198332,74.25077264
20130719,10.15,69.27,28.84,19.67,9.16,4.95,4.81,33.75198332,74.25077264
20130720,31.73,81.96,25.22,19.38,5.83,3.0,1.99,33.75198332,74.25077264
20130721,0.94,76.88,27.14,18.11,9.04,3.37,2.58,33.75198332,74.25077264
20130722,0.54,74.2,27.54,18.22,9.32,4.11,3.53,33.75198332,74.25077264
20130723,10.63,73.41,27.77,18.31,9.45,3.99,3.46,33.75198332,74.25077264
20130724,15.82,78.21,26.0,18.56,7.44,3.47,2.89,33.75198332,74.25077264
20130725,6.04,74.16,26.08,17.66,8.42,3.16,2.59,33.75198332,74.25077264
20130726,0.08,70.43,27.5,17.17,10.33,4.31,3.83,33.75198332,74.25077264
20130727,0.01,72.02,28.93,18.08,10.85,4.71,4.32,33.75198332,74.25077264
20130728,0.0,75.54,29.54,19.25,10.29,4.22,3.57,33.75198332,74.25077264
20130729,0.04,75.86,29.77,20.11,9.66,3.83,2.82,33.75198332,74.25077264
20130730,1.35,79.56,27.46,20.04,7.42,3.66,2.69,33.75198332,74.25077264
20130731,4.37,78.27,28.17,19.47,8.7,3.82,2.92,33.75198332,74.25077264
20130801,8.95,81.0,27.02,19.57,7.45,3.04,2.68,33.75198332,74.25077264
20130802,4.39,86.07,24.4,19.1,5.29,2.37,1.69,33.75198332,74.25077264
20130803,0.49,78.8,25.85,17.87,7.98,3.79,3.27,33.75198332,74.25077264
20130804,0.0,71.72,28.05,18.53,9.52,4.76,4.54,33.75198332,74.25077264
20130805,8.07,74.03,27.69,18.7,8.99,4.7,4.34,33.75198332,74.25077264
20130806,7.34,78.94,27.17,18.69,8.48,5.35,5.03,33.75198332,74.25077264
20130807,4.4,83.0,25.65,18.72,6.93,4.25,3.7,33.75198332,74.25077264
20130808,0.72,77.63,27.48,17.81,9.67,4.36,3.93,33.75198332,74.25077264
20130809,2.01,77.85,28.38,18.1,10.28,4.42,3.54,33.75198332,74.25077264
20130810,3.71,81.92,26.52,18.26,8.26,4.18,4.11,33.75198332,74.25077264
20130811,0.93,82.53,26.46,18.2,8.26,4.25,3.61,33.75198332,74.25077264
20130812,2.4,82.32,25.66,18.8,6.86,3.39,2.4,33.75198332,74.25077264
20130813,28.69,84.73,25.02,17.34,7.68,4.68,4.07,33.75198332,74.25077264
20130814,13.54,84.26,21.32,16.46,4.85,4.11,4.45,33.75198332,74.25077264
20130815,5.39,80.66,22.19,15.65,6.54,2.89,2.6,33.75198332,74.25077264
20130816,3.03,83.21,22.29,16.52,5.78,3.69,3.71,33.75198332,74.25077264
20130817,1.8,78.9,24.08,16.39,7.69,4.33,4.21,33.75198332,74.25077264
20130818,4.36,80.91,23.89,16.79,7.09,4.26,4.39,33.75198332,74.25077264
20130819,3.47,79.03,24.63,17.03,7.61,4.14,4.01,33.75198332,74.25077264
20130820,0.11,72.65,25.46,16.15,9.3,3.99,3.99,33.75198332,74.25077264
20130821,0.02,71.06,25.69,15.82,9.87,4.06,3.74,33.75198332,74.25077264
20130822,0.0,70.76,25.73,16.92,8.82,5.12,5.12,33.75198332,74.25077264
20130823,0.0,69.54,27.06,16.33,10.72,4.46,4.17,33.75198332,74.25077264
20130824,1.01,70.91,26.19,17.46,8.73,4.14,4.02,33.75198332,74.25077264
20130825,0.32,68.07,26.93,17.79,9.14,3.59,3.26,33.75198332,74.25077264
20130826,0.0,66.34,27.12,17.11,10.01,4.18,3.83,33.75198332,74.25077264
20130827,4.65,70.3,26.63,17.94,8.69,4.9,4.91,33.75198332,74.25077264
20130828,8.96,74.37,26.07,16.6,9.47,4.26,4.12,33.75198332,74.25077264
20130829,2.89,78.45,24.78,16.39,8.39,4.24,4.01,33.75198332,74.25077264
20130830,0.02,73.73,25.82,16.57,9.25,4.86,4.81,33.75198332,74.25077264
20130831,1.55,69.94,25.84,14.81,11.03,4.39,4.31,33.75198332,74.25077264
20130901,4.63,74.05,24.65,16.46,8.19,3.92,3.79,33.75198332,74.25077264
20130902,4.76,71.13,25.19,15.3,9.89,4.36,4.2,33.75198332,74.25077264
20130903,5.04,71.8,24.97,15.97,9.01,4.28,4.22,33.75198332,74.25077264
20130904,0.25,71.07,25.02,15.43,9.59,4.4,4.16,33.75198332,74.25077264
20130905,6.02,70.08,24.89,14.84,10.06,4.65,4.39,33.75198332,74.25077264
20130906,5.77,70.33,25.58,14.64,10.94,5.06,4.75,33.75198332,74.25077264
20130907,0.0,72.13,25.52,14.4,11.13,4.52,4.12,33.75198332,74.25077264
20130908,3.69,79.56,24.25,15.8,8.45,4.62,4.54,33.75198332,74.25077264
20130909,3.39,85.9,20.97,15.57,5.4,4.24,4.16,33.75198332,74.25077264
20130910,0.46,76.37,23.97,14.88,9.1,4.0,3.83,33.75198332,74.25077264
20130911,0.63,77.41,24.41,15.37,9.04,3.65,3.24,33.75198332,74.25077264
20130912,10.08,82.35,23.06,15.92,7.14,4.84,4.85,33.75198332,74.25077264
20130913,2.98,76.01,22.58,14.6,7.98,3.11,2.93,33.75198332,74.25077264
20130914,0.24,67.75,24.03,13.49,10.54,2.77,2.53,33.75198332,74.25077264
20130915,5.78,64.86,24.08,13.73,10.35,3.05,2.91,33.75198332,74.25077264
20130916,2.0,61.22,23.2,11.8,11.39,3.51,3.28,33.75198332,74.25077264
20130917,0.0,53.98,24.79,10.64,14.15,3.69,3.52,33.75198332,74.25077264
20130918,0.0,52.08,25.25,12.33,12.91,2.5,1.75,33.75198332,74.25077264
20130919,0.0,50.13,26.68,12.0,14.68,2.31,2.0,33.75198332,74.25077264
20130920,0.0,49.68,26.84,13.17,13.67,3.47,2.99,33.75198332,74.25077264
20130921,0.0,57.69,25.94,13.19,12.76,4.25,4.11,33.75198332,74.25077264
20130922,0.02,60.64,26.68,14.53,12.14,3.41,3.12,33.75198332,74.25077264
20130923,0.0,65.21,25.56,14.88,10.68,3.42,3.38,33.75198332,74.25077264
20130924,0.01,61.38,26.23,13.75,12.47,4.16,3.82,33.75198332,74.25077264
20130925,0.0,60.89,27.38,13.21,14.17,4.2,3.67,33.75198332,74.25077264
20130926,0.0,63.46,26.66,13.77,12.89,4.07,3.59,33.75198332,74.25077264
20130927,1.31,71.47,25.69,14.47,11.22,4.38,4.11,33.75198332,74.25077264
20130928,3.59,73.81,24.35,14.95,9.4,4.3,4.08,33.75198332,74.25077264
20130929,0.21,68.56,25.05,13.36,11.7,3.79,3.2,33.75198332,74.25077264
20130930,0.43,72.83,23.36,14.95,8.41,3.7,3.42,33.75198332,74.25077264
20131001,0.06,69.89,23.44,14.3,9.14,3.33,2.87,33.75198332,74.25077264
20131002,0.0,64.87,24.89,12.84,12.05,3.75,3.32,33.75198332,74.25077264
20131003,0.53,70.42,24.51,14.06,10.45,3.71,3.56,33.75198332,74.25077264
20131004,2.07,71.38,24.69,13.78,10.91,3.92,3.48,33.75198332,74.25077264
20131005,0.05,65.29,27.32,13.44,13.87,5.27,5.14,33.75198332,74.25077264
20131006,0.0,63.69,26.77,14.21,12.56,4.15,3.53,33.75198332,74.25077264
20131007,0.0,66.9,26.51,15.15,11.36,3.86,3.44,33.75198332,74.25077264
20131008,0.0,68.2,26.27,15.43,10.84,4.26,3.75,33.75198332,74.25077264
20131009,0.0,68.19,25.38,15.76,9.62,4.23,4.01,33.75198332,74.25077264
20131010,0.51,64.27,25.94,13.89,12.05,4.11,3.83,33.75198332,74.25077264
20131011,2.28,65.29,24.95,12.95,12.0,4.64,4.51,33.75198332,74.25077264
20131012,2.46,73.71,22.05,12.74,9.31,4.21,4.09,33.75198332,74.25077264
20131013,4.28,71.84,19.9,11.41,8.5,1.86,2.57,33.75198332,74.25077264
20131014,0.05,57.08,23.24,9.73,13.52,3.31,3.02,33.75198332,74.25077264
20131015,0.0,52.63,23.18,10.94,12.24,3.65,3.31,33.75198332,74.25077264
20131016,1.13,50.42,23.15,9.78,13.36,4.22,3.99,33.75198332,74.25077264
20131017,0.35,53.92,22.43,9.15,13.28,3.46,3.55,33.75198332,74.25077264
20131018,0.02,48.36,22.51,8.43,14.09,3.55,3.37,33.75198332,74.25077264
20131019,0.0,42.64,22.99,9.36,13.63,3.72,3.63,33.75198332,74.25077264
20131020,0.0,39.08,22.94,8.54,14.4,3.54,3.15,33.75198332,74.25077264
20131021,0.0,33.34,23.74,7.53,16.22,4.29,4.21,33.75198332,74.25077264
20131022,0.0,34.82,21.86,7.98,13.88,3.41,2.87,33.75198332,74.25077264
20131023,0.0,41.24,21.48,7.18,14.3,3.8,3.34,33.75198332,74.25077264
20131024,0.0,42.62,21.6,8.49,13.11,3.36,3.41,33.75198332,74.25077264
20131025,0.0,44.34,21.74,7.6,14.13,3.62,3.3,33.75198332,74.25077264
20131026,0.0,47.78,20.32,6.93,13.39,3.46,3.1,33.75198332,74.25077264
20131027,0.01,51.5,19.08,7.27,11.81,3.66,3.81,33.75198332,74.25077264
20131028,0.0,40.08,20.07,4.58,15.49,3.9,3.64,33.75198332,74.25077264
20131029,0.0,38.05,18.45,6.32,12.14,3.69,3.58,33.75198332,74.25077264
20131030,0.91,51.26,17.8,6.46,11.34,3.45,3.49,33.75198332,74.25077264
20131031,3.41,54.72,15.64,4.68,10.96,3.99,3.86,33.75198332,74.25077264
20131101,0.03,49.57,16.0,2.74,13.26,3.23,3.52,33.75198332,74.25077264
20131102,0.0,41.66,16.53,3.86,12.67,2.23,1.91,33.75198332,74.25077264
20131103,0.0,34.43,18.27,3.66,14.61,3.3,3.05,33.75198332,74.25077264
20131104,0.0,29.53,18.55,4.19,14.36,2.72,2.6,33.75198332,74.25077264
20131105,0.11,38.54,17.08,5.19,11.89,3.22,3.09,33.75198332,74.25077264
20131106,3.51,69.97,13.96,5.5,8.46,2.87,3.19,33.75198332,74.25077264
20131107,4.54,83.56,10.59,4.68,5.91,3.54,3.92,33.75198332,74.25077264
20131108,0.0,63.75,11.61,3.07,8.55,1.69,1.48,33.75198332,74.25077264
20131109,0.0,54.13,13.24,2.92,10.32,2.54,2.56,33.75198332,74.25077264
20131110,0.0,42.71,16.72,1.61,15.12,3.79,3.66,33.75198332,74.25077264
20131111,0.0,35.66,16.25,2.71,13.54,3.19,3.05,33.75198332,74.25077264
20131112,0.0,38.61,14.97,2.3,12.66,3.91,3.91,33.75198332,74.25077264
20131113,0.0,40.34,14.28,1.38,12.9,2.23,2.23,33.75198332,74.25077264
20131114,0.0,32.98,15.46,1.64,13.82,1.39,1.8,33.75198332,74.25077264
20131115,0.0,27.81,17.17,2.09,15.07,1.93,2.66,33.75198332,74.25077264
20131116,0.0,31.05,16.63,3.99,12.64,2.46,2.14,33.75198332,74.25077264
20131117,0.0,33.57,17.05,3.1,13.95,1.62,1.72,33.75198332,74.25077264
20131118,0.0,30.67,18.8,3.46,15.34,3.47,3.46,33.75198332,74.25077264
20131119,0.0,28.95,18.99,4.88,14.11,3.46,3.24,33.75198332,74.25077264
20131120,0.0,28.5,18.16,4.19,13.97,3.41,3.48,33.75198332,74.25077264
20131121,0.0,30.64,16.95,4.83,12.12,3.72,3.7,33.75198332,74.25077264
20131122,0.0,31.26,17.7,3.64,14.06,2.4,2.53,33.75198332,74.25077264
20131123,0.0,29.88,18.75,5.56,13.19,2.53,2.36,33.75198332,74.25077264
20131124,0.0,31.42,18.14,6.23,11.91,2.97,2.8,33.75198332,74.25077264
20131125,0.0,33.93,17.44,5.46,11.98,3.32,3.08,33.75198332,74.25077264
20131126,0.0,31.46,17.98,4.3,13.68,2.21,2.3,33.75198332,74.25077264
20131127,0.0,30.33,17.64,4.26,13.38,4.13,3.95,33.75198332,74.25077264
20131128,0.0,31.14,16.94,3.55,13.38,2.93,2.61,33.75198332,74.25077264
20131129,0.0,26.08,18.6,2.76,15.84,2.23,3.52,33.75198332,74.25077264
20131130,0.0,21.8,20.16,3.54,16.62,2.72,3.38,33.75198332,74.25077264
20131201,0.0,24.27,18.02,4.39,13.63,3.74,3.5,33.75198332,74.25077264
20131202,0.0,32.42,13.05,5.01,8.05,2.1,2.06,33.75198332,74.25077264
20131203,0.0,36.87,14.79,3.16,11.63,3.12,3.07,33.75198332,74.25077264
20131204,0.0,32.61,15.93,1.61,14.31,2.64,3.4,33.75198332,74.25077264
20131205,0.0,24.99,16.55,2.63,13.92,2.47,3.5,33.75198332,74.25077264
20131206,0.0,34.8,17.1,3.96,13.14,2.54,4.07,33.75198332,74.25077264
20131207,0.0,45.31,13.73,4.69,9.04,2.41,3.26,33.75198332,74.25077264
20131208,0.0,48.46,12.8,3.21,9.59,1.97,2.44,33.75198332,74.25077264
20131209,0.0,48.43,12.98,3.18,9.8,2.87,2.62,33.75198332,74.25077264
20131210,0.0,46.13,12.96,2.21,10.75,3.02,2.93,33.75198332,74.25077264
20131211,0.0,49.02,10.45,1.08,9.37,2.28,3.43,33.75198332,74.25077264
20131212,0.0,35.39,14.6,0.19,14.41,1.04,1.94,33.75198332,74.25077264
20131213,0.0,19.85,18.06,1.7,16.36,1.63,2.11,33.75198332,74.25077264
20131214,0.0,18.13,19.63,3.91,15.72,2.69,3.62,33.75198332,74.25077264
20131215,0.0,22.98,18.08,5.21,12.88,2.36,2.77,33.75198332,74.25077264
20131216,0.0,26.9,16.76,4.69,12.06,4.09,3.98,33.75198332,74.25077264
20131217,0.0,46.03,14.17,2.97,11.2,3.9,3.84,33.75198332,74.25077264
20131218,0.0,50.17,11.49,2.2,9.29,3.08,2.99,33.75198332,74.25077264
20131219,0.0,53.65,8.13,0.06,8.07,3.38,3.41,33.75198332,74.25077264
20131220,0.0,35.78,10.96,-1.51,12.47,2.97,2.69,33.75198332,74.25077264
20131221,2.09,52.48,5.48,0.69,4.78,3.98,4.25,33.75198332,74.25077264
20131222,1.06,64.05,5.21,-1.93,7.14,3.41,3.54,33.75198332,74.25077264
20131223,0.69,51.11,7.96,-4.02,11.98,3.56,3.7,33.75198332,74.25077264
20131224,0.07,48.46,7.7,-3.33,11.03,2.09,1.97,33.75198332,74.25077264
20131225,0.0,36.05,9.2,-2.49,11.69,1.79,2.23,33.75198332,74.25077264
20131226,0.0,38.83,9.7,-1.61,11.31,3.33,3.28,33.75198332,74.25077264
20131227,0.0,35.95,8.23,-2.08,10.31,3.7,3.64,33.75198332,74.25077264
20131228,0.0,34.88,6.87,-2.32,9.19,5.61,5.87,33.75198332,74.25077264
20131229,0.0,31.11,7.89,-3.42,11.32,4.63,4.74,33.75198332,74.25077264
20131230,0.15,30.45,7.44,-3.7,11.14,6.06,6.6,33.75198332,74.25077264
20131231,12.43,78.14,1.08,-5.62,6.7,3.94,4.06,33.75198332,74.25077264
20140101,0.17,56.65,4.84,-7.87,12.71,3.4,4.56,33.75198332,74.25077264
20140102,0.0,35.87,10.14,-6.35,16.49,4.37,6.28,33.75198332,74.25077264
20140103,0.0,31.19,12.09,-3.32,15.41,3.25,4.69,33.75198332,74.25077264
20140104,0.0,32.69,9.5,0.28,9.22,2.94,2.98,33.75198332,74.25077264
20140105,0.73,43.92,7.88,-1.78,9.66,3.23,3.2,33.75198332,74.25077264
20140106,0.01,39.95,6.94,-2.47,9.41,2.16,2.3,33.75198332,74.25077264
20140107,0.0,37.05,6.72,-5.62,12.34,3.34,4.29,33.75198332,74.25077264
20140108,3.62,68.12,3.04,-1.82,4.86,2.48,2.57,33.75198332,74.25077264
20140109,0.16,71.02,6.11,-3.74,9.85,3.31,3.38,33.75198332,74.25077264
20140110,0.71,63.94,4.33,-4.63,8.96,2.78,3.97,33.75198332,74.25077264
20140111,0.03,37.73,10.07,-6.67,16.75,3.88,5.0,33.75198332,74.25077264
20140112,0.0,31.19,9.57,-4.13,13.7,2.81,4.08,33.75198332,74.25077264
20140113,0.11,33.85,11.49,1.29,10.2,2.9,3.46,33.75198332,74.25077264
20140114,0.04,46.45,10.47,-0.21,10.68,1.98,2.66,33.75198332,74.25077264
20140115,0.0,48.93,11.83,-0.02,11.85,2.12,2.95,33.75198332,74.25077264
20140116,0.0,43.06,11.58,-1.73,13.31,3.11,4.17,33.75198332,74.25077264
20140117,0.01,48.15,10.03,2.59,7.43,2.2,3.04,33.75198332,74.25077264
20140118,0.01,48.04,11.33,0.59,10.74,4.65,4.19,33.75198332,74.25077264
20140119,0.0,38.07,11.81,-1.67,13.47,1.99,2.44,33.75198332,74.25077264
20140120,0.0,32.12,13.02,1.02,12.01,3.34,3.47,33.75198332,74.25077264
20140121,2.64,58.36,9.67,2.11,7.56,5.03,5.57,33.75198332,74.25077264
20140122,23.99,85.4,4.44,0.9,3.55,1.42,1.7,33.75198332,74.25077264
20140123,1.48,74.42,7.08,-2.85,9.94,2.34,3.32,33.75198332,74.25077264
20140124,0.0,58.59,9.53,-2.73,12.26,2.86,4.08,33.75198332,74.25077264
20140125,0.0,53.19,10.48,-1.66,12.13,2.24,3.73,33.75198332,74.25077264
20140126,0.0,43.56,12.48,-2.54,15.02,3.15,4.64,33.75198332,74.25077264
20140127,0.0,41.15,12.44,-1.37,13.82,2.68,3.91,33.75198332,74.25077264
20140128,0.0,36.36,14.52,-0.99,15.51,4.07,5.41,33.75198332,74.25077264
20140129,0.0,37.31,15.03,0.64,14.39,3.82,3.92,33.75198332,74.25077264
20140130,0.0,38.52,13.26,0.5,12.76,2.37,2.42,33.75198332,74.25077264
20140131,0.0,39.66,14.51,-0.22,14.73,2.89,3.75,33.75198332,74.25077264
20140201,0.0,45.36,13.65,0.26,13.39,3.19,3.07,33.75198332,74.25077264
20140202,0.6,63.24,10.43,2.65,7.78,2.9,2.84,33.75198332,74.25077264
20140203,3.37,89.32,4.22,0.79,3.42,5.12,5.32,33.75198332,74.25077264
20140204,1.29,73.67,7.82,-0.18,8.0,3.47,3.37,33.75198332,74.25077264
20140205,2.7,75.85,7.0,-1.1,8.11,4.91,5.07,33.75198332,74.25077264
20140206,6.04,84.17,3.79,-1.16,4.95,3.24,3.22,33.75198332,74.25077264
20140207,1.64,79.82,6.24,-1.9,8.14,5.62,6.06,33.75198332,74.25077264
20140208,0.0,62.81,7.48,-3.71,11.19,3.14,3.12,33.75198332,74.25077264
20140209,0.0,44.65,10.1,-1.7,11.79,2.17,2.35,33.75198332,74.25077264
20140210,0.14,50.77,7.44,-3.62,11.06,3.48,3.62,33.75198332,74.25077264
20140211,0.58,50.92,7.58,-1.44,9.02,3.01,3.03,33.75198332,74.25077264
20140212,0.23,42.24,10.31,-4.58,14.89,2.57,3.5,33.75198332,74.25077264
20140213,0.0,34.96,12.07,-2.75,14.83,4.76,4.84,33.75198332,74.25077264
20140214,0.07,49.79,9.21,0.43,8.78,3.09,2.54,33.75198332,74.25077264
20140215,4.24,58.38,5.53,-0.55,6.08,3.06,2.7,33.75198332,74.25077264
20140216,0.01,49.15,9.82,-2.05,11.87,2.73,2.91,33.75198332,74.25077264
20140217,0.0,31.39,13.96,-2.63,16.59,3.03,3.88,33.75198332,74.25077264
20140218,0.0,28.99,15.33,-1.45,16.78,3.37,4.32,33.75198332,74.25077264
20140219,0.0,40.04,9.1,1.07,8.03,2.41,2.37,33.75198332,74.25077264
20140220,0.0,47.77,12.27,-0.81,13.08,4.49,4.49,33.75198332,74.25077264
20140221,1.04,53.59,10.52,1.6,8.92,4.74,5.01,33.75198332,74.25077264
20140222,1.78,65.9,8.9,1.01,7.88,3.16,3.02,33.75198332,74.25077264
20140223,0.26,55.56,11.35,0.11,11.24,2.25,1.97,33.75198332,74.25077264
20140224,0.0,45.58,14.24,1.05,13.19,4.68,4.52,33.75198332,74.25077264
20140225,0.0,44.06,13.83,0.98,12.85,4.64,4.61,33.75198332,74.25077264
20140226,0.0,48.28,12.09,2.81,9.28,4.43,4.58,33.75198332,74.25077264
20140227,1.12,63.92,7.78,2.88,4.9,3.37,3.54,33.75198332,74.25077264
20140228,1.24,61.61,11.0,2.44,8.56,4.27,4.42,33.75198332,74.25077264
20140301,0.42,65.72,10.1,2.44,7.66,4.27,4.21,33.75198332,74.25077264
20140302,0.12,65.52,8.92,1.51,7.41,3.55,3.43,33.75198332,74.25077264
20140303,0.89,65.13,8.38,0.77,7.61,3.48,3.58,33.75198332,74.25077264
20140304,1.3,64.05,10.81,1.08,9.72,3.93,3.88,33.75198332,74.25077264
20140305,0.16,53.7,11.47,1.18,10.29,4.33,4.27,33.75198332,74.25077264
20140306,0.02,46.7,13.37,-0.11,13.48,3.58,3.39,33.75198332,74.25077264
20140307,0.0,42.69,14.88,2.23,12.65,4.17,4.11,33.75198332,74.25077264
20140308,0.0,41.43,14.92,1.9,13.03,4.06,3.82,33.75198332,74.25077264
20140309,3.18,64.53,10.27,3.51,6.75,4.63,5.16,33.75198332,74.25077264
20140310,38.3,83.48,10.86,1.86,8.99,6.46,7.81,33.75198332,74.25077264
20140311,49.05,91.99,6.6,-1.19,7.79,5.77,7.9,33.75198332,74.25077264
20140312,0.82,67.27,10.95,-2.51,13.46,2.68,3.47,33.75198332,74.25077264
20140313,0.0,48.6,15.77,-0.1,15.87,2.83,3.96,33.75198332,74.25077264
20140314,0.0,43.86,18.16,0.85,17.32,2.94,4.06,33.75198332,74.25077264
20140315,0.23,68.5,11.93,6.12,5.81,2.11,3.96,33.75198332,74.25077264
20140316,0.01,61.86,18.25,6.07,12.18,3.21,3.35,33.75198332,74.25077264
20140317,13.22,71.8,16.0,6.11,9.89,6.57,7.31,33.75198332,74.25077264
20140318,4.46,77.01,12.53,4.11,8.42,4.45,4.16,33.75198332,74.25077264
20140319,0.0,54.29,17.53,2.06,15.47,2.95,3.44,33.75198332,74.25077264
20140320,0.0,47.79,18.29,2.44,15.85,4.27,4.9,33.75198332,74.25077264
20140321,0.0,58.91,15.17,4.98,10.19,3.51,4.06,33.75198332,74.25077264
20140322,0.0,62.96,16.59,2.82,13.77,4.21,4.2,33.75198332,74.25077264
20140323,0.55,71.59,14.2,3.76,10.44,4.64,5.14,33.75198332,74.25077264
20140324,19.16,90.32,10.04,5.76,4.28,5.26,5.31,33.75198332,74.25077264
20140325,2.69,79.24,12.51,4.87,7.65,4.53,4.77,33.75198332,74.25077264
20140326,1.88,65.03,14.59,2.74,11.85,4.59,4.74,33.75198332,74.25077264
20140327,2.23,56.92,16.6,2.87,13.73,3.96,3.91,33.75198332,74.25077264
20140328,5.18,72.92,11.38,5.0,6.38,4.83,5.12,33.75198332,74.25077264
20140329,3.24,72.62,14.59,4.78,9.8,4.08,3.76,33.75198332,74.25077264
20140330,0.08,57.26,17.57,3.25,14.32,2.71,3.65,33.75198332,74.25077264
20140331,0.0,48.42,19.56,3.69,15.87,2.36,3.07,33.75198332,74.25077264
20140401,0.0,41.55,19.75,5.33,14.41,3.71,3.64,33.75198332,74.25077264
20140402,6.78,69.26,9.86,6.15,3.71,3.92,4.24,33.75198332,74.25077264
20140403,0.24,62.31,17.7,3.32,14.38,3.36,2.89,33.75198332,74.25077264
20140404,1.32,62.65,19.12,8.12,11.0,4.18,4.17,33.75198332,74.25077264
20140405,1.4,69.39,17.85,7.9,9.95,4.14,4.22,33.75198332,74.25077264
20140406,6.32,67.4,19.12,7.64,11.49,6.08,6.46,33.75198332,74.25077264
20140407,13.58,71.44,14.3,6.05,8.25,2.67,2.64,33.75198332,74.25077264
20140408,0.01,55.55,17.36,2.49,14.87,3.03,3.56,33.75198332,74.25077264
20140409,0.0,46.34,18.53,4.22,14.31,3.03,3.02,33.75198332,74.25077264
20140410,0.0,42.28,20.55,3.38,17.18,3.41,3.75,33.75198332,74.25077264
20140411,0.0,47.5,20.25,7.15,13.1,3.69,3.45,33.75198332,74.25077264
20140412,1.91,53.2,18.79,6.8,11.99,4.05,4.14,33.75198332,74.25077264
20140413,8.28,56.02,17.58,6.68,10.9,3.45,3.6,33.75198332,74.25077264
20140414,0.0,46.63,19.39,4.41,14.98,3.52,3.34,33.75198332,74.25077264
20140415,0.07,53.01,20.74,6.21,14.52,4.65,4.74,33.75198332,74.25077264
20140416,2.79,74.01,15.82,7.3,8.52,5.33,5.47,33.75198332,74.25077264
20140417,3.31,72.61,14.89,7.62,7.27,3.24,3.26,33.75198332,74.25077264
20140418,6.67,70.1,16.39,8.26,8.13,5.81,6.19,33.75198332,74.25077264
20140419,2.44,77.69,13.08,6.57,6.52,5.3,5.63,33.75198332,74.25077264
20140420,0.03,54.34,18.37,3.35,15.02,3.21,3.3,33.75198332,74.25077264
20140421,0.01,52.62,20.66,6.54,14.12,4.58,4.76,33.75198332,74.25077264
20140422,0.0,56.25,20.08,9.02,11.06,4.07,3.95,33.75198332,74.25077264
20140423,0.06,55.53,21.77,8.29,13.47,3.69,3.75,33.75198332,74.25077264
20140424,0.04,49.17,23.44,8.41,15.04,2.67,2.94,33.75198332,74.25077264
20140425,0.8,51.33,22.8,12.26,10.54,4.8,5.06,33.75198332,74.25077264
20140426,0.08,52.25,22.5,9.59,12.92,3.95,3.7,33.75198332,74.25077264
20140427,0.02,43.83,24.85,8.05,16.8,2.93,4.13,33.75198332,74.25077264
20140428,0.0,37.09,26.82,9.99,16.83,2.7,2.56,33.75198332,74.25077264
20140429,0.0,35.08,27.71,11.49,16.21,3.56,3.19,33.75198332,74.25077264
20140430,0.1,38.6,28.17,12.98,15.19,4.34,4.38,33.75198332,74.25077264
20140501,0.03,41.8,27.92,12.13,15.79,2.93,3.18,33.75198332,74.25077264
20140502,0.13,40.88,28.15,12.98,15.17,4.6,4.87,33.75198332,74.25077264
20140503,0.01,42.49,27.13,14.54,12.59,3.36,3.58,33.75198332,74.25077264
20140504,2.51,49.49,26.59,14.16,12.43,3.51,3.87,33.75198332,74.25077264
20140505,4.83,55.81,23.16,14.99,8.16,3.77,3.83,33.75198332,74.25077264
20140506,2.36,56.73,23.44,13.29,10.15,3.77,3.7,33.75198332,74.25077264
20140507,6.33,60.49,23.76,11.31,12.45,3.87,4.1,33.75198332,74.25077264
20140508,1.2,54.94,24.63,13.55,11.08,4.12,3.74,33.75198332,74.25077264
20140509,0.0,48.69,24.47,13.96,10.5,2.84,2.75,33.75198332,74.25077264
20140510,0.64,50.01,23.09,12.87,10.21,2.01,1.95,33.75198332,74.25077264
20140511,4.9,56.14,22.15,11.34,10.81,3.16,2.75,33.75198332,74.25077264
20140512,16.06,73.55,19.96,10.05,9.91,5.46,5.73,33.75198332,74.25077264
20140513,9.4,72.9,17.47,9.56,7.92,5.91,6.19,33.75198332,74.25077264
20140514,5.18,62.57,18.49,8.31,10.19,3.86,3.65,33.75198332,74.25077264
20140515,0.31,52.75,22.86,7.44,15.42,3.99,3.8,33.75198332,74.25077264
20140516,0.0,47.02,24.67,9.22,15.45,3.9,3.9,33.75198332,74.25077264
20140517,0.04,49.88,24.15,13.09,11.06,4.02,3.73,33.75198332,74.25077264
20140518,0.71,50.57,24.12,12.11,12.01,5.25,5.44,33.75198332,74.25077264
20140519,1.63,54.54,22.81,13.23,9.58,3.91,4.12,33.75198332,74.25077264
20140520,2.64,60.37,20.67,11.41,9.26,3.05,3.1,33.75198332,74.25077264
20140521,0.08,49.4,24.53,11.14,13.39,2.62,2.73,33.75198332,74.25077264
20140522,3.57,49.15,24.49,11.8,12.69,5.1,5.17,33.75198332,74.25077264
20140523,0.06,41.72,26.33,11.82,14.52,2.91,4.13,33.75198332,74.25077264
20140524,0.0,38.51,26.33,12.56,13.77,2.17,3.03,33.75198332,74.25077264
20140525,0.0,35.89,26.28,13.62,12.65,1.86,2.08,33.75198332,74.25077264
20140526,0.0,39.15,25.78,13.63,12.15,3.5,3.42,33.75198332,74.25077264
20140527,0.0,39.24,27.05,13.87,13.17,3.52,3.54,33.75198332,74.25077264
20140528,0.0,36.33,29.51,13.09,16.42,3.16,2.9,33.75198332,74.25077264
20140529,0.46,33.89,30.45,13.95,16.5,3.81,3.47,33.75198332,74.25077264
20140530,0.42,39.28,28.75,15.89,12.85,4.59,4.53,33.75198332,74.25077264
20140531,10.15,44.16,28.81,13.5,15.32,5.31,5.99,33.75198332,74.25077264
20140601,1.95,50.8,27.02,14.79,12.23,5.78,6.23,33.75198332,74.25077264
20140602,0.0,42.43,28.0,12.44,15.56,3.48,3.72,33.75198332,74.25077264
20140603,0.0,33.75,30.22,12.9,17.32,5.09,5.14,33.75198332,74.25077264
20140604,0.0,32.0,30.62,13.64,16.99,3.77,4.0,33.75198332,74.25077264
20140605,0.0,31.01,32.72,14.46,18.26,4.9,5.37,33.75198332,74.25077264
20140606,0.0,28.49,32.45,17.06,15.39,3.79,3.56,33.75198332,74.25077264
20140607,0.0,25.06,32.43,17.07,15.37,4.66,5.17,33.75198332,74.25077264
20140608,0.0,23.54,32.22,16.14,16.08,4.41,4.37,33.75198332,74.25077264
20140609,0.0,19.88,32.14,15.19,16.95,5.12,5.72,33.75198332,74.25077264
20140610,0.0,17.38,32.44,15.18,17.26,3.74,4.06,33.75198332,74.25077264
20140611,0.0,15.84,31.8,18.14,13.66,4.57,4.4,33.75198332,74.25077264
20140612,0.0,20.29,30.79,14.1,16.69,3.14,3.08,33.75198332,74.25077264
20140613,0.0,18.31,32.83,17.67,15.16,5.09,5.18,33.75198332,74.25077264
20140614,0.0,18.7,34.88,16.61,18.27,5.59,5.96,33.75198332,74.25077264
20140615,0.0,20.81,34.49,18.02,16.47,4.7,4.35,33.75198332,74.25077264
20140616,0.71,26.23,35.13,19.86,15.27,4.83,4.68,33.75198332,74.25077264
20140617,4.24,34.36,33.19,21.07,12.12,4.32,4.14,33.75198332,74.25077264
20140618,7.12,40.91,30.63,18.94,11.69,3.48,3.37,33.75198332,74.25077264
20140619,0.01,38.83,31.1,18.85,12.25,4.35,4.3,33.75198332,74.25077264
20140620,0.11,38.08,31.74,18.68,13.06,3.51,3.47,33.75198332,74.25077264
20140621,0.04,30.6,31.88,18.57,13.3,3.54,3.37,33.75198332,74.25077264
20140622,4.74,34.55,29.8,18.25,11.55,3.52,3.36,33.75198332,74.25077264
20140623,3.42,47.14,27.38,16.01,11.37,3.44,3.63,33.75198332,74.25077264
20140624,0.6,44.42,29.32,16.17,13.15,4.45,3.93,33.75198332,74.25077264
20140625,0.91,45.66,29.4,17.75,11.65,4.78,4.3,33.75198332,74.25077264
20140626,2.46,51.83,28.13,18.21,9.93,4.86,4.93,33.75198332,74.25077264
20140627,0.12,53.4,30.13,18.19,11.95,4.65,4.29,33.75198332,74.25077264
20140628,4.71,53.99,30.96,19.53,11.44,5.02,5.06,33.75198332,74.25077264
20140629,2.2,49.75,30.98,19.48,11.5,5.85,5.62,33.75198332,74.25077264
20140630,0.16,47.19,30.76,18.88,11.88,6.22,6.11,33.75198332,74.25077264
20140701,6.96,63.55,27.01,18.81,8.21,4.01,3.52,33.75198332,74.25077264
20140702,5.05,78.17,23.44,18.26,5.17,3.84,3.43,33.75198332,74.25077264
20140703,19.05,71.57,24.8,17.5,7.3,3.44,2.86,33.75198332,74.25077264
20140704,0.09,59.11,27.61,16.76,10.86,4.29,3.94,33.75198332,74.25077264
20140705,0.88,51.87,28.52,17.58,10.94,3.13,2.71,33.75198332,74.25077264
20140706,2.67,51.45,29.2,16.67,12.54,3.78,3.72,33.75198332,74.25077264
20140707,0.0,48.46,29.39,18.2,11.19,3.45,3.24,33.75198332,74.25077264
20140708,0.0,45.22,31.34,17.54,13.8,4.61,4.27,33.75198332,74.25077264
20140709,0.81,48.92,31.32,18.7,12.62,4.64,4.45,33.75198332,74.25077264
20140710,2.57,51.17,29.92,19.12,10.81,4.21,4.13,33.75198332,74.25077264
20140711,0.0,48.35,32.12,18.48,13.65,5.08,5.0,33.75198332,74.25077264
20140712,0.04,50.47,30.88,20.53,10.35,5.1,4.97,33.75198332,74.25077264
20140713,1.41,53.16,30.18,20.35,9.84,3.9,3.86,33.75198332,74.25077264
20140714,0.44,52.71,31.34,20.39,10.96,5.16,4.94,33.75198332,74.25077264
20140715,2.97,52.56,31.43,20.37,11.06,5.24,5.03,33.75198332,74.25077264
20140716,17.1,67.47,26.69,19.55,7.14,3.51,3.05,33.75198332,74.25077264
20140717,6.59,65.31,28.23,17.87,10.37,4.31,4.03,33.75198332,74.25077264
20140718,1.24,56.92,29.08,16.57,12.51,4.13,3.8,33.75198332,74.25077264
20140719,0.67,55.91,28.65,17.53,11.12,4.18,3.6,33.75198332,74.25077264
20140720,0.0,54.57,29.63,17.51,12.12,4.3,3.95,33.75198332,74.25077264
20140721,0.0,53.3,30.66,18.49,12.17,5.53,5.36,33.75198332,74.25077264
20140722,0.0,50.09,31.9,18.71,13.19,5.16,4.88,33.75198332,74.25077264
20140723,5.26,59.63,30.36,19.93,10.43,5.03,4.75,33.75198332,74.25077264
20140724,15.98,71.68,28.85,19.71,9.15,4.4,3.14,33.75198332,74.25077264
20140725,9.08,76.67,28.09,19.02,9.07,4.47,3.45,33.75198332,74.25077264
20140726,7.68,77.7,27.04,18.63,8.4,4.0,2.77,33.75198332,74.25077264
20140727,0.88,73.47,28.45,18.29,10.17,4.8,4.21,33.75198332,74.25077264
20140728,4.31,74.95,27.59,18.68,8.91,3.99,3.08,33.75198332,74.25077264
20140729,1.78,74.91,27.83,18.71,9.12,4.11,2.9,33.75198332,74.25077264
20140730,1.67,74.1,27.9,18.28,9.62,4.42,3.58,33.75198332,74.25077264
20140731,3.19,76.05,27.05,19.16,7.89,3.09,1.83,33.75198332,74.25077264
20140801,3.04,73.45,27.88,18.94,8.95,3.92,3.04,33.75198332,74.25077264
20140802,0.07,70.26,28.19,18.95,9.24,4.7,4.27,33.75198332,74.25077264
20140803,0.0,66.49,28.15,18.25,9.9,4.48,4.19,33.75198332,74.25077264
20140804,0.01,61.68,28.9,18.97,9.93,4.37,4.13,33.75198332,74.25077264
20140805,3.17,59.16,29.28,18.4,10.88,5.11,4.92,33.75198332,74.25077264
20140806,1.17,63.59,29.5,17.52,11.99,4.4,3.83,33.75198332,74.25077264
20140807,2.59,65.21,29.37,19.86,9.51,4.75,4.33,33.75198332,74.25077264
20140808,7.44,69.1,26.24,18.67,7.57,3.69,3.22,33.75198332,74.25077264
20140809,2.75,68.46,27.73,17.64,10.09,4.34,3.89,33.75198332,74.25077264
20140810,0.0,63.62,29.44,17.42,12.02,4.65,4.2,33.75198332,74.25077264
20140811,0.75,69.72,28.34,19.08,9.26,4.99,4.78,33.75198332,74.25077264
20140812,1.13,70.64,28.53,18.78,9.75,4.81,4.53,33.75198332,74.25077264
20140813,0.0,70.55,28.74,18.93,9.81,5.17,4.81,33.75198332,74.25077264
20140814,3.31,70.21,28.7,18.67,10.03,5.0,4.63,33.75198332,74.25077264
20140815,7.3,64.45,28.51,18.64,9.87,5.0,4.79,33.75198332,74.25077264
20140816,42.25,76.51,22.49,15.64,6.85,3.82,3.64,33.75198332,74.25077264
20140817,0.16,65.04,25.09,13.98,11.11,3.82,3.4,33.75198332,74.25077264
20140818,0.0,57.59,27.51,13.32,14.19,4.05,4.07,33.75198332,74.25077264
20140819,0.0,60.66,28.25,14.68,13.57,4.46,3.98,33.75198332,74.25077264
20140820,0.0,61.93,28.6,16.01,12.6,4.69,4.32,33.75198332,74.25077264
20140821,2.78,64.07,28.06,16.56,11.5,4.49,4.2,33.75198332,74.25077264
20140822,5.49,67.88,26.36,17.43,8.94,3.32,3.21,33.75198332,74.25077264
20140823,9.12,69.28,25.02,17.01,8.01,3.85,3.85,33.75198332,74.25077264
20140824,0.18,68.3,25.04,16.24,8.8,3.87,3.79,33.75198332,74.25077264
20140825,0.36,65.91,26.0,15.84,10.16,4.72,4.72,33.75198332,74.25077264
20140826,0.01,64.07,26.0,15.64,10.36,3.35,2.89,33.75198332,74.25077264
20140827,2.76,62.13,24.44,14.8,9.64,2.06,1.95,33.75198332,74.25077264
20140828,0.66,53.78,26.65,13.58,13.06,3.25,2.79,33.75198332,74.25077264
20140829,0.13,59.26,25.79,14.88,10.91,3.72,3.52,33.75198332,74.25077264
20140830,0.53,58.15,26.8,15.47,11.33,3.48,3.12,33.75198332,74.25077264
20140831,6.58,58.01,27.2,15.62,11.58,3.31,3.16,33.75198332,74.25077264
20140901,11.66,67.6,24.47,15.39,9.08,2.5,2.4,33.75198332,74.25077264
20140902,4.31,69.46,24.32,14.58,9.74,3.3,3.05,33.75198332,74.25077264
20140903,32.54,82.75,21.17,15.3,5.87,2.33,2.3,33.75198332,74.25077264
20140904,73.95,85.67,20.37,15.82,4.55,3.94,4.03,33.75198332,74.25077264
20140905,12.08,83.79,21.05,15.33,5.72,2.57,2.4,33.75198332,74.25077264
20140906,25.83,84.59,20.8,15.46,5.34,3.67,4.31,33.75198332,74.25077264
20140907,0.17,74.45,24.06,13.94,10.12,2.84,2.89,33.75198332,74.25077264
20140908,0.03,72.51,24.04,14.26,9.78,2.77,2.55,33.75198332,74.25077264
20140909,0.2,74.3,23.56,13.38,10.18,3.1,2.96,33.75198332,74.25077264
20140910,0.13,73.34,24.09,13.63,10.46,3.26,3.07,33.75198332,74.25077264
20140911,1.28,78.36,22.81,15.1,7.71,3.71,3.71,33.75198332,74.25077264
20140912,2.24,83.28,21.61,14.7,6.91,4.79,4.96,33.75198332,74.25077264
20140913,1.29,78.44,22.22,14.19,8.03,3.37,3.33,33.75198332,74.25077264
20140914,2.27,80.15,21.62,14.35,7.27,2.36,2.15,33.75198332,74.25077264
20140915,0.0,71.99,23.31,12.42,10.89,2.89,3.13,33.75198332,74.25077264
20140916,0.0,72.14,24.42,12.85,11.58,3.41,3.09,33.75198332,74.25077264
20140917,0.0,71.53,24.92,13.68,11.23,2.75,2.39,33.75198332,74.25077264
20140918,0.0,69.48,25.18,14.69,10.48,2.83,2.89,33.75198332,74.25077264
20140919,0.0,73.39,24.87,15.44,9.43,2.57,2.72,33.75198332,74.25077264
20140920,2.09,77.5,23.07,16.43,6.63,3.21,3.3,33.75198332,74.25077264
20140921,1.85,76.15,23.82,15.33,8.5,3.9,3.91,33.75198332,74.25077264
20140922,0.0,69.56,25.19,14.38,10.81,3.07,2.82,33.75198332,74.25077264
20140923,0.0,67.26,25.15,12.82,12.33,3.7,3.49,33.75198332,74.25077264
20140924,1.01,75.29,23.68,14.49,9.19,3.9,3.76,33.75198332,74.25077264
20140925,4.03,72.66,22.05,12.86,9.19,2.51,2.29,33.75198332,74.25077264
20140926,0.0,63.14,24.13,10.85,13.28,3.9,3.62,33.75198332,74.25077264
20140927,0.0,70.67,23.65,11.92,11.72,3.83,3.55,33.75198332,74.25077264
20140928,0.0,72.78,23.47,12.25,11.22,4.2,3.96,33.75198332,74.25077264
20140929,0.0,73.42,24.19,13.46,10.73,3.84,3.6,33.75198332,74.25077264
20140930,0.0,79.39,21.04,14.47,6.57,2.73,2.55,33.75198332,74.25077264
20141001,0.02,81.39,22.78,14.19,8.59,4.49,4.43,33.75198332,74.25077264
20141002,0.0,75.95,24.0,14.01,9.99,3.67,3.27,33.75198332,74.25077264
20141003,0.0,72.43,24.69,14.89,9.79,3.69,3.53,33.75198332,74.25077264
20141004,0.0,67.98,24.79,14.17,10.61,3.95,3.72,33.75198332,74.25077264
20141005,0.18,68.0,24.29,12.61,11.68,4.04,3.97,33.75198332,74.25077264
20141006,0.05,65.86,24.13,13.07,11.06,4.0,3.81,33.75198332,74.25077264
20141007,18.68,70.29,22.07,11.39,10.68,2.71,2.45,33.75198332,74.25077264
20141008,0.74,62.87,20.62,9.65,10.97,2.66,2.59,33.75198332,74.25077264
20141009,0.05,56.82,21.6,8.14,13.46,3.02,3.29,33.75198332,74.25077264
20141010,0.0,51.23,22.07,8.61,13.46,3.89,3.88,33.75198332,74.25077264
20141011,0.0,50.08,21.64,7.6,14.03,3.79,3.63,33.75198332,74.25077264
20141012,0.0,45.0,21.92,6.99,14.93,4.2,4.26,33.75198332,74.25077264
20141013,0.03,48.77,21.35,7.8,13.55,4.54,4.47,33.75198332,74.25077264
20141014,4.26,67.27,17.78,9.31,8.48,4.59,4.56,33.75198332,74.25077264
20141015,0.24,64.0,17.48,6.82,10.67,3.33,3.09,33.75198332,74.25077264
20141016,0.0,57.12,19.32,5.68,13.65,3.66,3.35,33.75198332,74.25077264
20141017,0.0,56.46,20.28,5.92,14.35,4.01,3.85,33.75198332,74.25077264
20141018,0.0,52.52,20.97,6.44,14.53,3.95,3.7,33.75198332,74.25077264
20141019,0.0,54.79,21.25,8.34,12.91,4.31,4.18,33.75198332,74.25077264
20141020,0.01,60.23,19.88,8.57,11.32,3.98,3.76,33.75198332,74.25077264
20141021,0.0,53.11,22.1,8.09,14.02,3.92,3.71,33.75198332,74.25077264
20141022,0.0,52.87,21.96,8.14,13.81,3.23,2.95,33.75198332,74.25077264
20141023,0.01,55.82,20.92,9.22,11.7,3.61,3.49,33.75198332,74.25077264
20141024,6.27,66.86,18.77,8.24,10.53,2.56,2.49,33.75198332,74.25077264
20141025,0.1,57.63,20.98,6.22,14.76,3.78,3.65,33.75198332,74.25077264
20141026,0.0,57.21,19.95,6.54,13.4,3.37,3.15,33.75198332,74.25077264
20141027,1.38,59.0,19.89,6.65,13.24,4.07,4.06,33.75198332,74.25077264
20141028,3.81,71.86,15.83,7.09,8.74,3.16,3.06,33.75198332,74.25077264
20141029,0.19,62.52,17.27,4.5,12.77,3.72,3.47,33.75198332,74.25077264
20141030,0.0,55.79,17.5,4.71,12.79,2.99,3.19,33.75198332,74.25077264
20141031,0.0,46.14,18.08,4.74,13.33,2.86,2.84,33.75198332,74.25077264
20141101,0.0,41.3,18.85,6.38,12.46,3.79,3.86,33.75198332,74.25077264
20141102,0.0,45.54,19.39,4.41,14.97,4.01,4.17,33.75198332,74.25077264
20141103,0.0,59.7,17.37,6.2,11.17,4.24,4.41,33.75198332,74.25077264
20141104,0.0,72.65,15.59,6.65,8.94,3.53,3.18,33.75198332,74.25077264
20141105,0.0,56.28,19.35,4.6,14.75,3.3,3.79,33.75198332,74.25077264
20141106,0.03,55.33,18.59,7.15,11.45,4.46,4.72,33.75198332,74.25077264
20141107,8.26,84.58,12.33,6.52,5.81,3.46,3.79,33.75198332,74.25077264
20141108,2.11,55.63,15.22,3.6,11.62,3.55,3.65,33.75198332,74.25077264
20141109,0.0,47.2,16.86,4.0,12.86,2.0,2.6,33.75198332,74.25077264
20141110,0.0,36.46,19.47,2.34,17.13,3.56,5.22,33.75198332,74.25077264
20141111,0.0,30.99,18.56,4.14,14.42,2.45,2.84,33.75198332,74.25077264
20141112,0.0,32.81,17.88,3.5,14.38,2.66,2.35,33.75198332,74.25077264
20141113,0.0,30.53,18.31,2.83,15.48,3.46,3.42,33.75198332,74.25077264
20141114,0.0,26.22,17.9,5.49,12.41,2.49,2.62,33.75198332,74.25077264
20141115,0.0,27.68,17.74,3.74,14.0,3.51,3.45,33.75198332,74.25077264
20141116,0.0,28.95,17.72,3.76,13.95,2.26,2.76,33.75198332,74.25077264
20141117,0.0,30.36,18.61,3.91,14.7,2.2,3.09,33.75198332,74.25077264
20141118,0.0,29.9,18.54,3.95,14.59,3.36,3.16,33.75198332,74.25077264
20141119,0.0,31.29,18.04,4.15,13.89,2.47,2.59,33.75198332,74.25077264
20141120,0.0,32.74,17.19,4.03,13.16,3.91,3.92,33.75198332,74.25077264
20141121,0.0,33.26,16.21,4.8,11.41,2.72,2.81,33.75198332,74.25077264
20141122,0.0,34.85,14.93,4.15,10.78,3.4,3.4,33.75198332,74.25077264
20141123,0.0,35.24,15.53,1.98,13.55,2.05,3.03,33.75198332,74.25077264
20141124,0.0,35.23,17.12,2.72,14.4,3.56,3.73,33.75198332,74.25077264
20141125,0.0,32.7,16.16,4.75,11.41,2.9,2.65,33.75198332,74.25077264
20141126,0.0,34.62,17.58,4.31,13.27,2.86,3.25,33.75198332,74.25077264
20141127,0.02,51.61,14.34,5.21,9.14,3.71,3.85,33.75198332,74.25077264
20141128,0.0,57.84,14.75,2.42,12.32,2.44,3.13,33.75198332,74.25077264
20141129,0.0,54.71,14.72,3.35,11.36,2.04,2.25,33.75198332,74.25077264
20141130,0.0,49.77,15.1,4.11,11.0,2.1,1.91,33.75198332,74.25077264
20141201,0.0,39.48,16.41,2.05,14.37,2.43,3.82,33.75198332,74.25077264
20141202,0.0,29.58,17.84,3.24,14.6,2.93,2.89,33.75198332,74.25077264
20141203,0.0,31.11,16.7,3.83,12.87,2.28,2.58,33.75198332,74.25077264
20141204,0.0,33.41,16.12,4.13,11.99,3.25,3.09,33.75198332,74.25077264
20141205,0.0,36.25,15.61,2.82,12.79,3.22,3.57,33.75198332,74.25077264
20141206,0.0,28.48,15.41,2.75,12.66,1.74,2.18,33.75198332,74.25077264
20141207,0.0,26.24,14.82,2.33,12.49,3.41,3.34,33.75198332,74.25077264
20141208,0.0,32.67,13.42,3.28,10.14,4.68,5.1,33.75198332,74.25077264
20141209,0.0,35.32,11.92,3.38,8.54,3.84,3.98,33.75198332,74.25077264
20141210,0.0,30.76,12.29,1.37,10.92,2.38,2.13,33.75198332,74.25077264
20141211,0.0,26.22,12.68,-1.52,14.2,2.53,3.56,33.75198332,74.25077264
20141212,0.0,29.7,11.03,1.75,9.28,1.78,2.16,33.75198332,74.25077264
20141213,0.0,37.99,9.95,2.39,7.56,1.98,3.14,33.75198332,74.25077264
20141214,0.0,52.83,8.69,1.56,7.13,2.41,2.21,33.75198332,74.25077264
20141215,0.0,52.12,9.2,0.87,8.32,3.78,3.38,33.75198332,74.25077264
20141216,0.0,33.38,13.19,-1.38,14.57,2.48,3.25,33.75198332,74.25077264
20141217,0.0,22.47,14.84,0.25,14.59,2.46,2.58,33.75198332,74.25077264
20141218,0.0,22.55,15.48,1.89,13.59,2.43,2.56,33.75198332,74.25077264
20141219,0.0,25.97,12.91,2.46,10.46,3.97,3.97,33.75198332,74.25077264
20141220,0.0,26.65,13.37,-0.31,13.68,2.33,2.83,33.75198332,74.25077264
20141221,0.0,26.13,12.27,3.51,8.76,3.28,3.33,33.75198332,74.25077264
20141222,0.0,41.53,9.7,2.03,7.67,2.51,2.45,33.75198332,74.25077264
20141223,0.0,43.47,8.48,1.61,6.88,2.69,2.7,33.75198332,74.25077264
20141224,0.0,40.02,9.9,-1.37,11.27,2.97,3.51,33.75198332,74.25077264
20141225,0.0,35.31,12.0,-0.83,12.83,4.23,4.09,33.75198332,74.25077264
20141226,0.0,33.53,12.49,-0.4,12.89,1.1,1.64,33.75198332,74.25077264
20141227,0.0,20.36,14.15,-3.28,17.43,4.06,6.48,33.75198332,74.25077264
20141228,0.0,20.19,12.89,-0.34,13.23,2.61,2.91,33.75198332,74.25077264
20141229,0.0,21.71,12.03,0.84,11.18,2.87,2.73,33.75198332,74.25077264
20141230,0.0,29.37,9.39,2.02,7.36,2.01,2.58,33.75198332,74.25077264
20141231,0.0,36.7,10.34,2.23,8.11,2.03,2.42,33.75198332,74.25077264
20150101,0.0,36.9,13.05,0.02,13.03,2.2,2.97,33.75198332,74.25077264
20150102,0.0,36.59,13.38,-0.35,13.73,3.56,3.37,33.75198332,74.25077264
20150103,0.0,40.92,11.16,0.27,10.89,4.22,4.22,33.75198332,74.25077264
20150104,0.0,41.47,9.84,-0.47,10.31,3.18,2.97,33.75198332,74.25077264
20150105,0.0,46.29,11.72,-0.49,12.21,3.71,3.76,33.75198332,74.25077264
20150106,0.0,41.95,12.64,2.32,10.32,2.46,2.26,33.75198332,74.25077264
20150107,0.0,29.23,15.02,-0.19,15.21,2.87,2.79,33.75198332,74.25077264
20150108,0.0,16.18,15.15,-1.29,16.44,3.14,4.38,33.75198332,74.25077264
20150109,0.0,17.07,14.53,2.5,12.03,2.53,2.09,33.75198332,74.25077264
20150110,0.0,18.31,16.43,0.71,15.73,2.86,3.83,33.75198332,74.25077264
20150111,0.0,18.8,16.93,5.36,11.57,2.63,2.26,33.75198332,74.25077264
20150112,0.0,30.0,13.67,4.69,8.98,2.95,2.84,33.75198332,74.25077264
20150113,6.11,61.52,7.04,1.88,5.16,3.08,3.46,33.75198332,74.25077264
20150114,0.81,72.46,9.33,1.19,8.14,3.11,3.03,33.75198332,74.25077264
20150115,0.0,60.06,10.91,-0.88,11.8,2.77,2.37,33.75198332,74.25077264
20150116,0.0,39.09,12.94,-0.27,13.2,2.77,3.23,33.75198332,74.25077264
20150117,0.0,29.59,12.98,0.28,12.69,3.0,2.65,33.75198332,74.25077264
20150118,0.0,27.23,12.99,-0.0,12.99,2.99,2.69,33.75198332,74.25077264
20150119,0.0,31.36,14.0,0.7,13.3,2.42,2.33,33.75198332,74.25077264
20150120,0.0,38.59,13.24,2.73,10.52,2.7,2.27,33.75198332,74.25077264
20150121,5.77,65.3,7.72,0.03,7.7,3.53,3.59,33.75198332,74.25077264
20150122,1.92,81.32,6.98,0.17,6.8,3.0,2.87,33.75198332,74.25077264
20150123,0.49,75.7,6.87,-0.5,7.37,3.54,3.56,33.75198332,74.25077264
20150124,0.04,68.41,6.91,-0.72,7.63,3.5,3.55,33.75198332,74.25077264
20150125,0.01,64.41,8.51,-0.62,9.12,4.76,4.77,33.75198332,74.25077264
20150126,0.09,59.09,6.68,-1.41,8.09,3.48,3.47,33.75198332,74.25077264
20150127,0.25,65.1,4.41,-2.59,7.01,3.22,3.0,33.75198332,74.25077264
20150128,0.02,45.88,8.59,-4.78,13.37,3.93,3.84,33.75198332,74.25077264
20150129,0.37,57.79,4.88,-1.24,6.12,3.36,3.34,33.75198332,74.25077264
20150130,0.0,43.2,10.02,-3.8,13.82,2.66,3.06,33.75198332,74.25077264
20150131,0.04,51.11,10.6,0.01,10.59,3.47,3.16,33.75198332,74.25077264
20150201,1.4,68.24,7.76,1.13,6.63,5.11,5.27,33.75198332,74.25077264
20150202,5.47,81.33,6.35,0.98,5.37,3.2,3.21,33.75198332,74.25077264
20150203,6.4,89.0,5.56,0.13,5.43,3.58,3.58,33.75198332,74.25077264
20150204,0.16,53.4,10.93,-2.58,13.51,2.25,2.71,33.75198332,74.25077264
20150205,0.01,37.31,13.72,-1.35,15.07,3.29,3.08,33.75198332,74.25077264
20150206,0.0,39.53,12.21,-0.0,12.21,3.92,3.77,33.75198332,74.25077264
20150207,2.63,56.87,7.91,1.57,6.33,2.72,2.92,33.75198332,74.25077264
20150208,2.64,67.53,9.4,0.86,8.54,2.26,1.85,33.75198332,74.25077264
20150209,0.0,48.84,12.93,-1.61,14.54,2.15,2.49,33.75198332,74.25077264
20150210,0.0,38.31,14.79,-0.34,15.13,2.41,3.17,33.75198332,74.25077264
20150211,0.0,33.53,15.48,3.66,11.82,3.72,3.76,33.75198332,74.25077264
20150212,0.0,35.19,15.99,2.21,13.78,3.16,2.78,33.75198332,74.25077264
20150213,0.0,43.44,16.75,2.72,14.03,4.17,3.94,33.75198332,74.25077264
20150214,0.0,53.17,17.57,4.08,13.49,3.69,3.2,33.75198332,74.25077264
20150215,1.39,45.0,17.18,3.29,13.89,3.86,4.01,33.75198332,74.25077264
20150216,10.52,80.33,9.16,3.78,5.38,4.58,5.02,33.75198332,74.25077264
20150217,0.39,62.57,12.74,2.19,10.55,2.19,2.7,33.75198332,74.25077264
20150218,6.09,68.64,10.9,3.01,7.89,4.09,4.52,33.75198332,74.25077264
20150219,19.65,88.01,7.47,2.97,4.49,4.09,4.93,33.75198332,74.25077264
20150220,3.49,87.74,8.03,2.35,5.68,1.67,2.42,33.75198332,74.25077264
20150221,0.03,67.93,14.27,2.59,11.69,1.96,2.73,33.75198332,74.25077264
20150222,0.0,47.46,19.14,3.88,15.26,2.48,3.42,33.75198332,74.25077264
20150223,0.39,52.86,17.01,6.32,10.69,2.61,2.81,33.75198332,74.25077264
20150224,21.15,71.42,13.5,3.44,10.06,2.88,4.39,33.75198332,74.25077264
20150225,19.22,93.05,7.3,0.95,6.35,7.71,9.19,33.75198332,74.25077264
20150226,0.39,60.09,8.17,-3.14,11.31,3.59,3.87,33.75198332,74.25077264
20150227,0.02,55.47,9.1,-1.0,10.1,3.73,3.94,33.75198332,74.25077264
20150228,1.26,58.13,10.19,-0.08,10.27,3.82,4.27,33.75198332,74.25077264
20150301,19.52,84.04,7.58,1.57,6.01,3.28,3.61,33.75198332,74.25077264
20150302,25.81,97.33,4.7,2.85,1.86,3.82,5.37,33.75198332,74.25077264
20150303,8.06,83.98,5.81,0.73,5.08,3.03,3.21,33.75198332,74.25077264
20150304,1.16,71.56,8.43,-3.28,11.71,2.95,3.14,33.75198332,74.25077264
20150305,7.45,87.62,4.99,-0.2,5.19,3.41,3.54,33.75198332,74.25077264
20150306,0.06,68.85,9.95,-2.09,12.04,2.15,2.83,33.75198332,74.25077264
20150307,8.16,79.03,7.91,-1.77,9.68,3.74,4.12,33.75198332,74.25077264
20150308,27.42,85.52,6.27,-0.81,7.07,6.36,7.94,33.75198332,74.25077264
20150309,2.72,71.15,7.78,-1.98,9.76,2.94,4.46,33.75198332,74.25077264
20150310,0.0,50.07,12.39,-3.08,15.47,3.31,5.07,33.75198332,74.25077264
20150311,0.0,48.06,13.75,0.97,12.78,2.95,4.32,33.75198332,74.25077264
20150312,0.0,41.34,15.22,3.85,11.38,1.68,2.26,33.75198332,74.25077264
20150313,0.0,50.13,15.53,3.44,12.09,2.28,3.19,33.75198332,74.25077264
20150314,1.11,63.56,13.49,3.83,9.66,1.75,1.98,33.75198332,74.25077264
20150315,34.01,86.31,9.74,4.58,5.16,3.31,3.19,33.75198332,74.25077264
20150316,17.7,93.82,6.33,2.96,3.37,3.99,5.09,33.75198332,74.25077264
20150317,2.62,81.86,10.41,2.43,7.98,1.97,2.5,33.75198332,74.25077264
20150318,0.0,61.77,15.23,0.95,14.29,1.84,2.62,33.75198332,74.25077264
20150319,0.0,52.77,16.91,2.87,14.04,1.96,2.65,33.75198332,74.25077264
20150320,0.0,55.36,16.67,6.16,10.51,3.11,3.42,33.75198332,74.25077264
20150321,0.0,60.6,18.27,4.98,13.29,2.33,3.38,33.75198332,74.25077264
20150322,0.0,55.04,20.8,6.16,14.64,2.0,3.08,33.75198332,74.25077264
20150323,0.0,53.69,22.6,5.16,17.44,3.34,3.92,33.75198332,74.25077264
20150324,5.45,61.59,21.75,8.59,13.16,4.01,4.42,33.75198332,74.25077264
20150325,1.69,59.91,20.63,7.44,13.19,3.08,4.46,33.75198332,74.25077264
20150326,0.0,54.17,19.76,8.29,11.47,2.08,2.75,33.75198332,74.25077264
20150327,0.0,52.5,21.84,6.39,15.44,2.72,3.66,33.75198332,74.25077264
20150328,12.99,61.25,20.57,9.28,11.29,5.06,5.71,33.75198332,74.25077264
20150329,51.52,90.32,9.32,5.45,3.87,1.49,2.43,33.75198332,74.25077264
20150330,8.05,85.03,12.27,4.98,7.29,2.2,2.9,33.75198332,74.25077264
20150331,7.5,83.51,12.94,4.03,8.91,2.28,2.25,33.75198332,74.25077264
20150401,36.91,92.05,11.02,6.19,4.83,4.53,5.06,33.75198332,74.25077264
20150402,3.78,73.86,14.07,6.75,7.32,2.81,3.09,33.75198332,74.25077264
20150403,25.16,89.06,12.57,5.97,6.59,3.0,3.84,33.75198332,74.25077264
20150404,1.59,75.24,15.01,6.8,8.21,3.57,3.67,33.75198332,74.25077264
20150405,0.36,69.15,16.14,4.35,11.79,2.44,2.84,33.75198332,74.25077264
20150406,1.84,68.21,15.22,7.07,8.15,3.69,3.69,33.75198332,74.25077264
20150407,4.09,82.02,12.05,6.39,5.66,2.96,3.05,33.75198332,74.25077264
20150408,0.38,75.17,15.77,5.35,10.42,3.31,3.13,33.75198332,74.25077264
20150409,0.0,63.66,19.0,5.04,13.96,3.44,3.67,33.75198332,74.25077264
20150410,0.0,61.63,20.93,5.88,15.05,3.58,3.59,33.75198332,74.25077264
20150411,0.0,69.11,18.86,8.14,10.72,3.14,2.96,33.75198332,74.25077264
20150412,0.0,64.57,19.25,7.9,11.34,2.26,2.93,33.75198332,74.25077264
20150413,0.0,67.86,21.19,8.5,12.69,3.41,3.04,33.75198332,74.25077264
20150414,0.2,74.12,19.05,12.16,6.89,2.79,2.57,33.75198332,74.25077264
20150415,23.15,79.6,19.15,12.05,7.1,4.28,4.34,33.75198332,74.25077264
20150416,12.17,75.68,18.43,9.69,8.74,3.51,3.64,33.75198332,74.25077264
20150417,0.0,58.08,20.42,7.86,12.56,3.04,3.04,33.75198332,74.25077264
20150418,0.07,54.84,21.85,10.53,11.32,3.35,3.23,33.75198332,74.25077264
20150419,13.09,67.66,21.78,9.41,12.36,2.59,4.04,33.75198332,74.25077264
20150420,14.4,69.01,21.4,12.82,8.58,5.22,5.83,33.75198332,74.25077264
20150421,0.05,61.1,21.38,9.16,12.22,1.84,2.37,33.75198332,74.25077264
20150422,0.0,49.49,23.44,7.88,15.56,2.51,3.16,33.75198332,74.25077264
20150423,0.0,48.17,23.86,8.3,15.56,2.82,3.16,33.75198332,74.25077264
20150424,0.0,50.38,23.84,10.55,13.29,3.26,2.97,33.75198332,74.25077264
20150425,0.0,49.16,23.97,10.62,13.35,2.94,2.65,33.75198332,74.25077264
20150426,8.14,55.05,23.51,10.74,12.77,3.27,3.28,33.75198332,74.25077264
20150427,13.54,67.06,21.02,11.64,9.39,2.91,2.85,33.75198332,74.25077264
20150428,0.27,56.53,22.49,8.35,14.14,2.39,3.94,33.75198332,74.25077264
20150429,0.32,54.47,23.06,9.64,13.42,4.36,4.46,33.75198332,74.25077264
20150430,10.62,66.54,18.1,10.15,7.95,2.44,2.99,33.75198332,74.25077264
20150501,0.01,53.68,20.78,7.55,13.23,3.11,2.86,33.75198332,74.25077264
20150502,0.0,47.0,21.27,8.56,12.72,3.02,2.8,33.75198332,74.25077264
20150503,0.0,47.73,22.8,8.51,14.29,3.46,3.28,33.75198332,74.25077264
20150504,0.0,47.92,24.73,8.65,16.08,3.13,2.99,33.75198332,74.25077264
20150505,0.0,49.86,25.68,10.46,15.22,2.87,4.03,33.75198332,74.25077264
20150506,0.0,50.82,25.99,13.38,12.61,2.32,2.11,33.75198332,74.25077264
20150507,0.0,52.41,26.9,12.36,14.54,2.71,3.79,33.75198332,74.25077264
20150508,0.0,53.43,25.04,13.78,11.26,2.85,4.02,33.75198332,74.25077264
20150509,0.0,51.93,25.96,13.6,12.36,1.7,2.64,33.75198332,74.25077264
20150510,0.0,50.47,25.36,12.92,12.44,2.27,3.46,33.75198332,74.25077264
20150511,5.93,56.81,23.55,14.75,8.8,2.7,2.97,33.75198332,74.25077264
20150512,7.87,66.18,20.73,13.77,6.96,5.58,6.04,33.75198332,74.25077264
20150513,5.84,64.42,19.91,11.91,7.99,4.44,4.82,33.75198332,74.25077264
20150514,2.95,68.11,19.94,12.0,7.94,2.82,2.64,33.75198332,74.25077264
20150515,0.0,62.19,23.96,11.7,12.26,3.71,4.01,33.75198332,74.25077264
20150516,0.0,59.06,26.32,13.04,13.28,3.41,3.06,33.75198332,74.25077264
20150517,9.68,60.99,25.22,14.09,11.12,3.99,4.12,33.75198332,74.25077264
20150518,4.49,57.94,25.06,13.93,11.13,1.93,1.71,33.75198332,74.25077264
20150519,0.02,45.73,26.31,11.54,14.77,2.95,3.1,33.75198332,74.25077264
20150520,0.0,42.92,25.83,13.98,11.85,3.21,2.99,33.75198332,74.25077264
20150521,0.0,37.56,27.25,12.83,14.42,2.75,2.45,33.75198332,74.25077264
20150522,0.0,37.47,28.2,12.94,15.26,2.79,2.83,33.75198332,74.25077264
20150523,0.29,41.3,27.43,13.92,13.51,4.07,4.48,33.75198332,74.25077264
20150524,3.26,47.32,26.52,13.55,12.97,3.73,3.9,33.75198332,74.25077264
20150525,4.06,36.44,27.06,14.33,12.73,4.34,5.08,33.75198332,74.25077264
20150526,0.88,31.48,24.59,12.12,12.47,4.61,5.31,33.75198332,74.25077264
20150527,0.04,32.94,26.9,10.54,16.36,2.87,2.83,33.75198332,74.25077264
20150528,0.0,32.57,27.31,13.9,13.41,1.6,1.77,33.75198332,74.25077264
20150529,0.31,41.91,26.03,14.91,11.11,3.88,4.04,33.75198332,74.25077264
20150530,0.29,43.14,27.31,14.28,13.03,3.73,3.94,33.75198332,74.25077264
20150531,0.26,45.74,26.12,12.31,13.81,3.53,3.86,33.75198332,74.25077264
20150601,0.0,46.34,23.96,12.75,11.21,2.94,4.06,33.75198332,74.25077264
20150602,0.69,47.18,24.68,14.64,10.04,3.46,3.46,33.75198332,74.25077264
20150603,4.68,60.85,21.03,13.43,7.6,2.09,1.93,33.75198332,74.25077264
20150604,5.75,63.68,22.22,11.64,10.59,3.54,3.26,33.75198332,74.25077264
20150605,1.19,58.66,22.51,13.84,8.67,2.7,2.64,33.75198332,74.25077264
20150606,0.04,48.44,27.05,12.55,14.5,2.72,2.42,33.75198332,74.25077264
20150607,0.0,45.67,27.56,16.93,10.63,2.38,2.17,33.75198332,74.25077264
20150608,0.06,40.12,29.58,17.69,11.89,3.55,3.77,33.75198332,74.25077264
20150609,0.22,39.62,29.24,15.48,13.76,3.85,3.75,33.75198332,74.25077264
20150610,1.32,35.21,29.82,17.65,12.17,3.09,2.85,33.75198332,74.25077264
20150611,1.3,37.18,28.33,14.57,13.76,3.18,3.74,33.75198332,74.25077264
20150612,3.32,38.24,29.68,14.76,14.93,4.37,4.28,33.75198332,74.25077264
20150613,5.76,47.68,26.84,16.95,9.9,3.9,3.88,33.75198332,74.25077264
20150614,2.46,51.28,25.56,17.24,8.32,4.56,4.96,33.75198332,74.25077264
20150615,0.76,47.76,26.04,16.8,9.24,4.94,4.89,33.75198332,74.25077264
20150616,0.04,46.39,26.98,14.62,12.37,4.06,4.19,33.75198332,74.25077264
20150617,0.0,40.28,29.99,14.46,15.53,3.27,3.66,33.75198332,74.25077264
20150618,0.0,42.16,31.3,16.95,14.34,3.39,3.05,33.75198332,74.25077264
20150619,0.2,44.64,32.62,18.03,14.59,3.93,3.66,33.75198332,74.25077264
20150620,0.7,51.24,30.0,20.09,9.91,3.81,3.49,33.75198332,74.25077264
20150621,0.13,51.51,27.42,18.41,9.02,3.86,3.61,33.75198332,74.25077264
20150622,3.09,41.67,30.5,17.66,12.84,4.18,4.05,33.75198332,74.25077264
20150623,3.59,46.15,27.76,17.15,10.61,3.04,2.8,33.75198332,74.25077264
20150624,41.5,62.34,22.32,15.32,7.0,3.54,3.22,33.75198332,74.25077264
20150625,12.28,57.17,24.41,14.38,10.03,3.24,3.23,33.75198332,74.25077264
20150626,0.04,50.18,26.12,13.83,12.3,2.63,2.29,33.75198332,74.25077264
20150627,0.0,45.08,27.8,13.73,14.07,3.16,3.33,33.75198332,74.25077264
20150628,0.0,41.8,29.8,15.84,13.96,2.89,3.0,33.75198332,74.25077264
20150629,0.42,46.78,28.5,16.74,11.77,2.87,2.72,33.75198332,74.25077264
20150630,0.99,56.99,25.92,16.14,9.78,2.57,2.71,33.75198332,74.25077264
20150701,1.96,64.46,24.66,16.35,8.3,3.9,3.96,33.75198332,74.25077264
20150702,0.56,64.86,26.28,16.51,9.76,3.61,3.52,33.75198332,74.25077264
20150703,0.0,55.9,30.9,16.82,14.08,4.21,3.86,33.75198332,74.25077264
20150704,0.0,53.29,32.27,18.12,14.16,4.66,4.56,33.75198332,74.25077264
20150705,4.95,54.68,32.5,19.76,12.74,4.33,3.92,33.75198332,74.25077264
20150706,14.05,65.2,28.1,19.14,8.96,5.35,5.38,33.75198332,74.25077264
20150707,1.97,67.64,27.52,17.82,9.71,4.2,3.71,33.75198332,74.25077264
20150708,1.8,61.34,28.2,17.23,10.97,4.22,3.8,33.75198332,74.25077264
20150709,11.2,64.06,28.75,17.33,11.42,4.47,4.29,33.75198332,74.25077264
20150710,18.99,71.2,25.64,18.2,7.44,4.67,4.38,33.75198332,74.25077264
20150711,6.97,71.67,25.5,16.64,8.86,3.67,2.98,33.75198332,74.25077264
20150712,9.14,70.81,25.72,17.1,8.61,3.46,3.18,33.75198332,74.25077264
20150713,1.59,67.03,27.83,17.33,10.5,3.92,3.72,33.75198332,74.25077264
20150714,0.0,67.95,28.76,17.75,11.02,4.59,4.64,33.75198332,74.25077264
20150715,0.0,66.83,29.88,18.55,11.33,4.19,4.26,33.75198332,74.25077264
20150716,1.44,65.01,29.85,20.14,9.71,4.39,4.32,33.75198332,74.25077264
20150717,15.33,84.56,24.14,18.79,5.35,5.25,4.97,33.75198332,74.25077264
20150718,8.57,84.05,24.64,18.27,6.37,3.07,2.79,33.75198332,74.25077264
20150719,5.17,78.92,26.26,17.49,8.76,5.1,5.07,33.75198332,74.25077264
20150720,21.48,77.87,26.08,17.83,8.25,4.21,4.02,33.75198332,74.25077264
20150721,7.25,78.55,25.98,17.21,8.76,4.37,4.2,33.75198332,74.25077264
20150722,5.57,76.3,26.25,17.8,8.45,2.72,2.39,33.75198332,74.25077264
20150723,20.59,83.43,25.13,17.83,7.31,3.82,3.04,33.75198332,74.25077264
20150724,3.01,80.93,26.41,18.13,8.28,4.03,3.52,33.75198332,74.25077264
20150725,9.65,87.31,23.88,18.72,5.16,2.39,2.09,33.75198332,74.25077264
20150726,11.36,86.33,23.11,18.56,4.55,2.83,2.97,33.75198332,74.25077264
20150727,0.6,78.96,25.0,18.42,6.59,3.39,3.42,33.75198332,74.25077264
20150728,4.61,81.41,25.14,17.51,7.63,3.17,3.03,33.75198332,74.25077264
20150729,0.36,77.27,26.68,17.56,9.12,4.09,3.84,33.75198332,74.25077264
20150730,0.81,76.83,26.46,18.2,8.26,3.28,3.25,33.75198332,74.25077264
20150731,7.75,83.23,24.89,18.11,6.78,3.1,2.38,33.75198332,74.25077264
20150801,12.73,86.17,24.13,17.89,6.24,5.55,5.69,33.75198332,74.25077264
20150802,8.04,87.39,23.67,17.68,5.99,5.85,6.33,33.75198332,74.25077264
20150803,4.77,84.83,21.79,16.42,5.37,1.75,1.79,33.75198332,74.25077264
20150804,1.29,81.17,24.92,17.46,7.46,3.79,3.83,33.75198332,74.25077264
20150805,0.22,78.13,26.22,17.78,8.44,4.95,5.01,33.75198332,74.25077264
20150806,0.93,78.83,26.42,17.91,8.51,3.98,3.92,33.75198332,74.25077264
20150807,0.43,78.19,27.2,18.2,9.0,4.02,3.83,33.75198332,74.25077264
20150808,2.17,77.18,27.24,18.61,8.63,4.26,3.95,33.75198332,74.25077264
20150809,1.35,76.06,26.77,18.12,8.65,4.3,4.1,33.75198332,74.25077264
20150810,2.31,76.64,25.9,18.19,7.7,4.43,4.26,33.75198332,74.25077264
20150811,7.08,71.05,26.81,17.35,9.46,3.43,3.24,33.75198332,74.25077264
20150812,17.79,79.88,25.5,17.94,7.56,4.12,3.94,33.75198332,74.25077264
20150813,0.3,80.91,25.43,18.03,7.4,3.6,3.37,33.75198332,74.25077264
20150814,2.17,80.87,25.41,17.82,7.59,4.62,4.63,33.75198332,74.25077264
20150815,0.74,77.13,25.48,18.41,7.07,3.28,3.05,33.75198332,74.25077264
20150816,4.57,75.44,26.25,16.92,9.34,3.95,3.65,33.75198332,74.25077264
20150817,3.29,78.7,24.12,16.73,7.38,5.29,5.33,33.75198332,74.25077264
20150818,0.1,74.02,26.52,16.28,10.24,4.57,4.32,33.75198332,74.25077264
20150819,0.07,73.73,27.94,16.96,10.98,4.78,4.56,33.75198332,74.25077264
20150820,1.99,77.9,27.35,17.31,10.04,4.44,4.22,33.75198332,74.25077264
20150821,10.27,80.66,24.86,17.44,7.42,3.07,2.5,33.75198332,74.25077264
20150822,2.12,76.75,24.97,16.98,7.99,4.1,3.82,33.75198332,74.25077264
20150823,1.95,75.68,24.55,16.19,8.36,4.89,4.9,33.75198332,74.25077264
20150824,0.29,66.63,25.74,15.57,10.17,4.17,4.17,33.75198332,74.25077264
20150825,0.0,61.4,27.25,14.52,12.74,3.75,3.27,33.75198332,74.25077264
20150826,0.0,62.94,27.64,14.94,12.69,4.16,3.88,33.75198332,74.25077264
20150827,1.97,64.69,27.42,14.61,12.81,4.09,4.21,33.75198332,74.25077264
20150828,1.07,65.04,26.32,15.86,10.47,3.65,3.36,33.75198332,74.25077264
20150829,0.0,62.48,26.92,15.24,11.68,4.1,3.72,33.75198332,74.25077264
20150830,1.61,64.87,26.32,14.52,11.79,3.75,3.55,33.75198332,74.25077264
20150831,0.8,60.32,25.91,13.46,12.45,3.7,3.58,33.75198332,74.25077264
20150901,0.0,58.99,26.56,14.65,11.91,3.98,3.69,33.75198332,74.25077264
20150902,0.78,54.45,27.09,13.93,13.16,4.93,4.76,33.75198332,74.25077264
20150903,1.99,55.12,26.39,14.37,12.02,3.68,3.65,33.75198332,74.25077264
20150904,0.0,56.36,26.57,13.67,12.9,4.49,4.27,33.75198332,74.25077264
20150905,1.45,59.72,25.95,13.65,12.3,4.02,3.79,33.75198332,74.25077264
20150906,2.65,69.64,22.13,13.34,8.79,3.95,3.89,33.75198332,74.25077264
20150907,0.0,61.13,24.45,13.18,11.26,3.63,3.53,33.75198332,74.25077264
20150908,0.0,54.84,25.85,11.72,14.14,3.99,3.7,33.75198332,74.25077264
20150909,0.03,50.12,26.9,13.17,13.73,3.57,3.57,33.75198332,74.25077264
20150910,0.0,48.71,27.07,13.38,13.69,3.46,3.02,33.75198332,74.25077264
20150911,0.0,47.15,27.84,13.62,14.22,3.73,3.59,33.75198332,74.25077264
20150912,0.0,47.97,27.63,14.36,13.27,3.87,3.46,33.75198332,74.25077264
20150913,0.0,51.89,27.55,13.5,14.05,3.89,3.77,33.75198332,74.25077264
20150914,0.0,53.04,27.56,14.49,13.07,4.31,4.07,33.75198332,74.25077264
20150915,0.47,55.29,27.29,13.77,13.51,4.37,4.25,33.75198332,74.25077264
20150916,0.62,56.45,26.68,13.06,13.62,3.84,3.61,33.75198332,74.25077264
20150917,0.0,57.45,26.2,12.66,13.54,4.01,3.7,33.75198332,74.25077264
20150918,0.0,50.84,27.85,12.72,15.13,4.24,4.0,33.75198332,74.25077264
20150919,0.27,47.74,28.0,13.67,14.34,4.4,4.53,33.75198332,74.25077264
20150920,0.43,50.46,26.38,14.51,11.87,4.54,4.55,33.75198332,74.25077264
20150921,1.07,51.89,27.37,13.61,13.76,4.26,4.02,33.75198332,74.25077264
20150922,34.63,79.77,20.46,15.46,5.0,4.18,4.77,33.75198332,74.25077264
20150923,23.49,79.41,21.21,13.36,7.85,6.74,9.18,33.75198332,74.25077264
20150924,0.0,66.69,23.43,12.06,11.37,3.95,3.43,33.75198332,74.25077264
20150925,0.46,67.51,23.1,12.66,10.43,3.05,2.71,33.75198332,74.25077264
20150926,1.63,64.95,22.54,10.42,12.12,3.79,3.48,33.75198332,74.25077264
20150927,1.02,62.91,21.94,9.52,12.42,3.65,3.52,33.75198332,74.25077264
20150928,0.02,58.3,22.56,8.74,13.83,3.54,3.36,33.75198332,74.25077264
20150929,0.01,54.06,23.26,9.74,13.53,3.63,3.46,33.75198332,74.25077264
20150930,0.0,41.37,25.68,9.61,16.07,3.67,3.43,33.75198332,74.25077264
20151001,0.0,36.98,25.76,9.88,15.88,4.07,4.16,33.75198332,74.25077264
20151002,0.0,40.16,25.45,9.82,15.63,3.4,3.34,33.75198332,74.25077264
20151003,1.34,44.59,24.82,10.65,14.17,4.21,4.06,33.75198332,74.25077264
20151004,0.17,50.42,23.82,10.71,13.11,3.16,3.43,33.75198332,74.25077264
20151005,0.0,48.88,24.89,9.64,15.25,3.65,3.57,33.75198332,74.25077264
20151006,0.0,48.36,24.68,10.63,14.05,3.5,3.61,33.75198332,74.25077264
20151007,0.0,48.58,24.53,10.58,13.95,3.46,3.13,33.75198332,74.25077264
20151008,0.0,45.37,26.08,11.12,14.96,3.93,3.69,33.75198332,74.25077264
20151009,0.0,43.9,26.43,11.63,14.81,4.07,3.99,33.75198332,74.25077264
20151010,0.0,42.65,26.06,11.51,14.55,4.01,3.8,33.75198332,74.25077264
20151011,0.0,49.76,25.84,11.52,14.32,4.64,4.42,33.75198332,74.25077264
20151012,0.0,53.23,25.27,11.12,14.15,3.51,3.16,33.75198332,74.25077264
20151013,3.17,59.74,24.81,11.74,13.08,4.83,4.58,33.75198332,74.25077264
20151014,8.24,69.21,22.0,11.6,10.4,4.06,3.84,33.75198332,74.25077264
20151015,0.05,60.57,22.41,9.25,13.15,3.63,3.6,33.75198332,74.25077264
20151016,0.0,57.78,23.13,9.5,13.63,3.8,3.35,33.75198332,74.25077264
20151017,0.0,56.37,23.48,9.85,13.63,3.92,3.76,33.75198332,74.25077264
20151018,1.61,58.35,22.02,11.16,10.87,3.96,3.88,33.75198332,74.25077264
20151019,35.54,81.98,13.57,9.02,4.54,1.93,2.52,33.75198332,74.25077264
20151020,1.02,65.42,18.13,6.98,11.15,2.38,2.46,33.75198332,74.25077264
20151021,0.0,54.26,19.11,5.77,13.34,2.11,3.12,33.75198332,74.25077264
20151022,0.0,49.64,19.6,5.7,13.89,2.95,3.29,33.75198332,74.25077264
20151023,0.0,45.96,20.4,5.38,15.01,4.09,4.07,33.75198332,74.25077264
20151024,6.33,61.74,17.64,6.54,11.1,2.64,2.78,33.75198332,74.25077264
20151025,31.41,88.98,9.5,6.6,2.9,1.73,1.69,33.75198332,74.25077264
20151026,5.46,75.79,13.35,5.06,8.28,2.65,3.08,33.75198332,74.25077264
20151027,0.01,58.18,15.32,2.25,13.06,2.69,3.53,33.75198332,74.25077264
20151028,0.0,44.76,18.31,2.05,16.26,3.07,4.44,33.75198332,74.25077264
20151029,0.0,46.02,19.62,3.5,16.13,3.29,3.86,33.75198332,74.25077264
20151030,0.0,52.1,18.34,6.61,11.73,2.53,2.1,33.75198332,74.25077264
20151031,0.0,54.32,19.26,8.11,11.15,2.86,2.38,33.75198332,74.25077264
20151101,0.0,61.48,17.44,6.76,10.68,2.56,2.33,33.75198332,74.25077264
20151102,0.2,64.18,16.34,8.27,8.07,2.84,2.85,33.75198332,74.25077264
20151103,3.09,73.27,14.11,6.77,7.34,4.52,4.77,33.75198332,74.25077264
20151104,18.07,84.97,11.13,6.31,4.82,4.89,5.87,33.75198332,74.25077264
20151105,0.41,69.0,12.45,2.66,9.79,1.59,2.54,33.75198332,74.25077264
20151106,0.0,62.85,14.77,1.89,12.87,2.58,3.69,33.75198332,74.25077264
20151107,0.0,59.06,14.81,4.02,10.78,2.67,2.8,33.75198332,74.25077264
20151108,0.0,62.91,14.8,4.72,10.08,3.11,3.25,33.75198332,74.25077264
20151109,0.35,73.23,11.44,4.34,7.09,2.87,3.09,33.75198332,74.25077264
20151110,0.07,72.51,12.38,3.74,8.64,2.94,3.16,33.75198332,74.25077264
20151111,0.0,64.1,14.45,3.12,11.33,2.45,4.05,33.75198332,74.25077264
20151112,1.02,64.43,15.2,3.91,11.28,2.36,3.46,33.75198332,74.25077264
20151113,6.29,79.76,14.4,6.38,8.03,2.22,1.73,33.75198332,74.25077264
20151114,0.0,63.4,15.97,3.17,12.8,2.56,3.6,33.75198332,74.25077264
20151115,0.0,54.37,14.44,4.0,10.44,3.51,3.56,33.75198332,74.25077264
20151116,0.0,49.86,16.01,2.0,14.02,2.37,3.71,33.75198332,74.25077264
20151117,0.0,39.41,17.28,3.11,14.18,2.21,3.07,33.75198332,74.25077264
20151118,0.0,38.38,19.0,3.63,15.37,2.47,3.53,33.75198332,74.25077264
20151119,0.0,41.62,19.0,5.21,13.79,2.0,2.75,33.75198332,74.25077264
20151120,0.0,43.47,17.76,5.95,11.81,2.55,2.58,33.75198332,74.25077264
20151121,0.0,42.85,18.31,4.77,13.53,3.21,3.28,33.75198332,74.25077264
20151122,0.0,48.13,15.28,4.5,10.77,2.13,2.96,33.75198332,74.25077264
20151123,0.0,46.79,16.41,5.85,10.56,3.0,2.96,33.75198332,74.25077264
20151124,0.0,46.05,15.17,3.6,11.57,2.8,2.79,33.75198332,74.25077264
20151125,0.0,46.23,15.64,5.63,10.01,2.62,2.66,33.75198332,74.25077264
20151126,2.33,47.77,12.5,3.69,8.81,2.45,2.39,33.75198332,74.25077264
20151127,0.12,47.32,14.83,2.27,12.56,2.25,3.19,33.75198332,74.25077264
20151128,0.0,44.34,15.38,3.43,11.95,1.8,2.36,33.75198332,74.25077264
20151129,0.0,56.79,13.65,3.76,9.9,2.31,2.92,33.75198332,74.25077264
20151130,0.0,54.86,15.32,4.44,10.88,1.99,2.6,33.75198332,74.25077264
20151201,0.0,54.9,16.15,4.64,11.51,2.16,2.0,33.75198332,74.25077264
20151202,0.0,50.59,16.51,3.74,12.77,2.06,2.99,33.75198332,74.25077264
20151203,0.0,40.55,18.55,3.37,15.18,1.88,2.32,33.75198332,74.25077264
20151204,0.0,40.39,19.56,6.29,13.27,2.76,3.05,33.75198332,74.25077264
20151205,0.0,40.46,18.38,6.66,11.73,2.51,2.27,33.75198332,74.25077264
20151206,0.0,47.02,18.13,5.81,12.32,3.14,3.32,33.75198332,74.25077264
20151207,0.0,48.88,16.62,4.3,12.32,2.71,2.54,33.75198332,74.25077264
20151208,0.0,46.93,16.49,5.32,11.17,3.31,3.35,33.75198332,74.25077264
20151209,0.31,57.18,12.21,3.98,8.22,4.36,4.33,33.75198332,74.25077264
20151210,24.27,79.56,8.62,3.02,5.6,6.48,7.19,33.75198332,74.25077264
20151211,11.83,84.93,4.91,-0.56,5.47,1.5,2.08,33.75198332,74.25077264
20151212,0.0,64.64,8.5,-6.08,14.58,4.03,5.09,33.75198332,74.25077264
20151213,1.38,67.49,7.65,-3.11,10.76,2.54,3.71,33.75198332,74.25077264
20151214,0.17,63.0,8.66,-2.48,11.14,1.72,2.47,33.75198332,74.25077264
20151215,0.0,48.72,10.39,-3.51,13.9,3.33,4.19,33.75198332,74.25077264
20151216,0.0,48.53,9.94,-3.31,13.25,2.79,3.76,33.75198332,74.25077264
20151217,0.0,46.75,7.49,-1.62,9.11,2.25,2.87,33.75198332,74.25077264
20151218,0.0,46.76,9.41,-4.99,14.4,3.66,4.91,33.75198332,74.25077264
20151219,0.0,46.1,9.79,-3.29,13.08,3.25,3.14,33.75198332,74.25077264
20151220,0.0,54.4,7.38,-0.59,7.98,1.1,1.51,33.75198332,74.25077264
20151221,0.0,52.78,8.9,-3.2,12.1,3.22,3.19,33.75198332,74.25077264
20151222,0.88,61.81,5.82,-0.79,6.62,3.99,4.38,33.75198332,74.25077264
20151223,0.13,61.23,4.73,-1.49,6.21,1.63,1.42,33.75198332,74.25077264
20151224,0.0,40.99,9.4,-5.09,14.49,3.59,4.22,33.75198332,74.25077264
20151225,0.0,38.1,10.58,-2.48,13.06,2.49,3.1,33.75198332,74.25077264
20151226,0.0,55.92,10.85,0.59,10.26,2.48,3.5,33.75198332,74.25077264
20151227,0.0,65.2,12.87,0.78,12.09,2.61,3.34,33.75198332,74.25077264
20151228,0.0,60.61,13.5,1.92,11.58,1.92,2.55,33.75198332,74.25077264
20151229,0.0,48.88,13.94,1.72,12.22,2.03,2.54,33.75198332,74.25077264
20151230,0.0,40.39,13.11,0.95,12.16,2.63,3.48,33.75198332,74.25077264
20151231,0.0,39.44,13.91,-2.1,16.01,4.15,5.79,33.75198332,74.25077264
20160101,0.0,37.9,13.64,3.37,10.27,2.61,2.4,33.75198332,74.25077264
20160102,0.0,39.04,12.96,3.43,9.53,2.12,2.36,33.75198332,74.25077264
20160103,0.0,44.59,14.99,2.1,12.89,2.74,3.88,33.75198332,74.25077264
20160104,16.33,75.6,8.18,2.76,5.42,3.39,3.95,33.75198332,74.25077264
20160105,0.27,70.92,10.4,-0.35,10.75,1.9,2.72,33.75198332,74.25077264
20160106,0.0,68.81,10.04,-0.11,10.15,3.21,3.97,33.75198332,74.25077264
20160107,0.43,62.06,9.69,0.88,8.81,2.41,3.12,33.75198332,74.25077264
20160108,2.18,69.03,7.9,0.07,7.82,2.5,2.84,33.75198332,74.25077264
20160109,0.0,45.38,13.02,-2.73,15.75,3.73,5.19,33.75198332,74.25077264
20160110,0.0,42.08,14.14,-1.89,16.03,3.03,4.51,33.75198332,74.25077264
20160111,0.0,44.95,12.8,1.42,11.38,2.45,2.89,33.75198332,74.25077264
20160112,0.67,58.4,9.83,3.6,6.23,3.56,3.78,33.75198332,74.25077264
20160113,0.05,61.61,10.24,1.62,8.62,2.28,1.92,33.75198332,74.25077264
20160114,0.0,62.57,8.95,1.9,7.06,2.42,2.45,33.75198332,74.25077264
20160115,0.0,61.54,10.21,-0.27,10.48,1.75,2.2,33.75198332,74.25077264
20160116,0.0,46.81,13.23,-1.79,15.01,3.46,4.64,33.75198332,74.25077264
20160117,0.0,48.24,10.74,1.83,8.91,3.64,3.45,33.75198332,74.25077264
20160118,0.0,54.22,8.52,0.18,8.33,3.3,3.3,33.75198332,74.25077264
20160119,0.0,53.74,8.4,0.54,7.87,1.94,2.82,33.75198332,74.25077264
20160120,0.0,30.99,12.12,-4.17,16.29,3.72,3.95,33.75198332,74.25077264
20160121,0.0,35.27,12.64,-3.36,16.0,3.12,4.17,33.75198332,74.25077264
20160122,0.0,37.99,12.25,-3.96,16.2,3.66,4.71,33.75198332,74.25077264
20160123,0.0,38.3,11.75,-0.1,11.85,2.48,2.4,33.75198332,74.25077264
20160124,0.0,41.48,12.5,-1.0,13.5,2.11,2.86,33.75198332,74.25077264
20160125,0.0,42.86,11.55,-0.53,12.08,2.97,2.89,33.75198332,74.25077264
20160126,0.3,67.59,6.43,1.55,4.88,2.5,2.49,33.75198332,74.25077264
20160127,0.19,67.65,9.72,0.44,9.28,2.65,2.54,33.75198332,74.25077264
20160128,2.01,63.89,11.19,-0.52,11.71,2.49,3.06,33.75198332,74.25077264
20160129,12.81,90.81,4.79,0.87,3.92,2.91,2.81,33.75198332,74.25077264
20160130,3.06,77.6,8.01,0.17,7.84,2.85,3.1,33.75198332,74.25077264
20160131,0.8,65.44,8.79,-0.96,9.74,2.8,3.07,33.75198332,74.25077264
20160201,0.0,55.29,10.33,-3.19,13.51,3.07,3.48,33.75198332,74.25077264
20160202,0.0,52.31,10.17,-1.83,12.0,3.09,2.89,33.75198332,74.25077264
20160203,0.0,46.02,12.87,-2.35,15.22,3.03,3.89,33.75198332,74.25077264
20160204,0.0,39.94,14.35,1.07,13.28,3.49,3.34,33.75198332,74.25077264
20160205,0.0,38.4,15.33,3.29,12.04,2.99,2.71,33.75198332,74.25077264
20160206,0.08,44.07,13.83,4.03,9.8,5.02,5.12,33.75198332,74.25077264
20160207,0.66,62.77,9.8,2.45,7.36,1.4,1.58,33.75198332,74.25077264
20160208,0.0,57.63,12.94,1.39,11.55,3.92,3.67,33.75198332,74.25077264
20160209,0.0,55.49,13.62,1.87,11.75,3.6,3.4,33.75198332,74.25077264
20160210,9.54,67.44,10.01,1.09,8.91,6.02,6.25,33.75198332,74.25077264
20160211,14.69,73.99,5.55,-2.94,8.5,4.81,5.83,33.75198332,74.25077264
20160212,0.03,56.93,7.88,-6.24,14.12,2.93,4.41,33.75198332,74.25077264
20160213,0.0,56.87,7.95,-1.13,9.08,3.52,3.91,33.75198332,74.25077264
20160214,0.05,61.24,9.11,-2.48,11.59,3.36,3.46,33.75198332,74.25077264
20160215,0.03,57.59,9.68,-1.51,11.19,3.17,3.11,33.75198332,74.25077264
20160216,0.0,54.58,11.97,-1.28,13.25,3.21,3.28,33.75198332,74.25077264
20160217,0.0,45.4,13.98,-0.3,14.28,3.32,3.59,33.75198332,74.25077264
20160218,0.13,40.59,16.62,1.61,15.01,2.94,2.93,33.75198332,74.25077264
20160219,15.74,69.07,13.0,3.98,9.02,3.83,4.15,33.75198332,74.25077264
20160220,4.26,66.18,12.89,2.07,10.82,2.63,2.89,33.75198332,74.25077264
20160221,0.0,46.22,15.72,-0.09,15.81,2.57,3.27,33.75198332,74.25077264
20160222,0.0,42.49,17.07,2.51,14.56,1.47,1.56,33.75198332,74.25077264
20160223,0.0,32.17,19.11,0.92,18.18,2.37,2.05,33.75198332,74.25077264
20160224,0.0,30.1,19.22,1.44,17.78,4.29,6.02,33.75198332,74.25077264
20160225,0.0,37.14,17.44,2.91,14.53,2.68,3.58,33.75198332,74.25077264
20160226,0.0,43.45,17.81,3.37,14.44,3.06,3.11,33.75198332,74.25077264
20160227,0.0,44.95,19.0,2.65,16.35,3.29,4.14,33.75198332,74.25077264
20160228,0.0,46.0,18.71,4.07,14.63,4.2,4.05,33.75198332,74.25077264
20160229,0.0,53.78,17.07,4.98,12.09,3.22,3.28,33.75198332,74.25077264
20160301,0.0,51.2,18.51,4.27,14.24,3.38,3.05,33.75198332,74.25077264
20160302,0.0,51.04,17.66,6.87,10.79,3.3,3.29,33.75198332,74.25077264
20160303,0.0,56.08,18.86,6.68,12.18,2.7,2.8,33.75198332,74.25077264
20160304,0.25,62.16,17.09,8.12,8.97,3.11,2.88,33.75198332,74.25077264
20160305,5.16,71.5,15.36,5.51,9.86,3.5,3.51,33.75198332,74.25077264
20160306,2.36,76.25,11.98,5.32,6.66,2.7,2.91,33.75198332,74.25077264
20160307,0.06,65.3,15.48,4.26,11.21,2.3,2.06,33.75198332,74.25077264
20160308,0.0,58.46,17.83,5.01,12.82,3.19,2.83,33.75198332,74.25077264
20160309,0.0,60.81,18.0,4.76,13.23,3.42,3.27,33.75198332,74.25077264
20160310,0.35,59.51,18.06,7.07,10.99,3.76,3.73,33.75198332,74.25077264
20160311,22.26,81.63,12.8,6.35,6.45,4.07,3.71,33.75198332,74.25077264
20160312,27.04,96.22,7.62,5.52,2.1,4.71,5.11,33.75198332,74.25077264
20160313,14.45,91.65,8.12,4.6,3.51,4.61,5.48,33.75198332,74.25077264
20160314,15.15,77.33,10.79,0.54,10.25,4.4,4.84,33.75198332,74.25077264
20160315,1.27,65.35,12.47,1.49,10.97,2.71,4.04,33.75198332,74.25077264
20160316,6.54,61.82,15.18,-0.52,15.7,4.07,5.83,33.75198332,74.25077264
20160317,28.44,88.05,10.56,4.33,6.23,4.4,4.31,33.75198332,74.25077264
20160318,25.76,86.81,11.51,4.98,6.53,2.53,4.26,33.75198332,74.25077264
20160319,13.61,77.78,13.72,6.09,7.63,5.44,6.3,33.75198332,74.25077264
20160320,9.9,73.5,13.06,4.13,8.93,5.22,5.73,33.75198332,74.25077264
20160321,0.01,56.62,14.39,1.34,13.05,1.98,2.83,33.75198332,74.25077264
20160322,0.0,45.88,18.53,0.38,18.15,4.92,6.55,33.75198332,74.25077264
20160323,0.0,41.64,17.92,2.27,15.65,4.24,7.18,33.75198332,74.25077264
20160324,2.2,57.17,16.45,5.75,10.7,2.56,2.88,33.75198332,74.25077264
20160325,12.9,76.73,12.69,6.96,5.72,2.72,3.85,33.75198332,74.25077264
20160326,10.81,73.0,14.69,5.68,9.01,6.06,6.92,33.75198332,74.25077264
20160327,0.81,59.77,18.27,5.32,12.96,3.98,4.23,33.75198332,74.25077264
20160328,0.1,60.83,18.76,5.2,13.56,2.67,2.13,33.75198332,74.25077264
20160329,0.0,59.79,20.04,7.71,12.33,3.32,3.17,33.75198332,74.25077264
20160330,0.0,58.52,20.45,7.44,13.01,3.07,2.95,33.75198332,74.25077264
20160331,0.09,62.58,19.41,8.2,11.21,3.11,3.7,33.75198332,74.25077264
20160401,3.29,67.31,21.07,8.14,12.94,3.9,3.94,33.75198332,74.25077264
20160402,7.46,73.48,19.81,9.67,10.13,4.33,4.98,33.75198332,74.25077264
20160403,8.99,76.15,18.1,12.24,5.86,4.12,4.8,33.75198332,74.25077264
20160404,10.89,67.55,19.63,10.58,9.05,4.11,4.11,33.75198332,74.25077264
20160405,0.29,62.59,18.59,8.75,9.84,3.82,3.9,33.75198332,74.25077264
20160406,9.68,68.39,14.87,6.57,8.31,2.49,3.82,33.75198332,74.25077264
20160407,0.3,67.28,17.31,4.96,12.35,2.71,3.48,33.75198332,74.25077264
20160408,1.19,63.58,17.39,5.83,11.56,3.09,3.19,33.75198332,74.25077264
20160409,3.94,68.86,15.86,7.76,8.1,2.74,3.11,33.75198332,74.25077264
20160410,0.17,59.67,18.18,5.99,12.19,1.89,2.99,33.75198332,74.25077264
20160411,11.81,67.46,16.5,7.32,9.17,2.75,2.5,33.75198332,74.25077264
20160412,0.0,59.52,20.86,5.22,15.64,3.56,4.02,33.75198332,74.25077264
20160413,0.0,58.33,20.52,8.58,11.95,2.75,2.23,33.75198332,74.25077264
20160414,0.0,48.27,23.88,8.32,15.56,1.91,2.97,33.75198332,74.25077264
20160415,0.0,51.29,24.01,12.77,11.24,2.73,2.63,33.75198332,74.25077264
20160416,2.74,59.1,24.69,11.74,12.94,2.18,2.59,33.75198332,74.25077264
20160417,21.37,65.43,21.67,12.79,8.87,2.91,2.83,33.75198332,74.25077264
20160418,1.36,57.58,21.92,8.88,13.04,3.53,3.68,33.75198332,74.25077264
20160419,2.51,56.12,21.34,10.72,10.62,3.09,3.09,33.75198332,74.25077264
20160420,0.3,54.94,22.38,7.79,14.59,2.19,2.01,33.75198332,74.25077264
20160421,0.41,54.49,21.69,10.46,11.24,2.29,1.94,33.75198332,74.25077264
20160422,5.89,57.91,18.56,10.63,7.93,3.67,3.85,33.75198332,74.25077264
20160423,1.09,54.05,18.33,8.6,9.73,3.47,3.52,33.75198332,74.25077264
20160424,0.09,48.56,20.18,6.72,13.46,2.02,3.06,33.75198332,74.25077264
20160425,0.0,45.69,21.37,8.15,13.22,3.06,3.08,33.75198332,74.25077264
20160426,0.07,44.2,22.18,9.13,13.05,2.63,3.27,33.75198332,74.25077264
20160427,0.21,50.58,21.77,8.54,13.23,1.71,1.78,33.75198332,74.25077264
20160428,0.17,42.87,23.07,8.21,14.86,2.85,3.44,33.75198332,74.25077264
20160429,0.09,34.87,25.24,9.15,16.09,2.72,3.33,33.75198332,74.25077264
20160430,0.0,35.05,26.67,11.63,15.04,1.82,1.23,33.75198332,74.25077264
20160501,0.0,36.24,28.02,11.21,16.81,3.0,3.81,33.75198332,74.25077264
20160502,0.0,35.45,27.8,12.65,15.15,3.3,2.96,33.75198332,74.25077264
20160503,1.38,51.83,24.0,14.94,9.06,4.75,5.12,33.75198332,74.25077264
20160504,5.05,66.77,21.38,11.51,9.87,4.03,4.23,33.75198332,74.25077264
20160505,2.49,62.67,20.93,11.4,9.53,3.47,3.69,33.75198332,74.25077264
20160506,0.0,54.11,25.16,10.17,14.99,3.51,3.48,33.75198332,74.25077264
20160507,0.0,52.83,26.0,13.04,12.96,3.95,3.54,33.75198332,74.25077264
20160508,0.39,50.92,28.02,13.48,14.54,3.62,3.97,33.75198332,74.25077264
20160509,0.03,46.92,28.18,14.78,13.4,2.67,2.83,33.75198332,74.25077264
20160510,1.92,48.29,27.3,17.36,9.94,3.59,3.86,33.75198332,74.25077264
20160511,1.08,57.0,23.5,15.47,8.02,3.21,3.34,33.75198332,74.25077264
20160512,2.64,54.86,25.3,13.41,11.89,3.7,3.82,33.75198332,74.25077264
20160513,3.04,48.9,26.7,12.55,14.14,2.74,2.83,33.75198332,74.25077264
20160514,4.31,52.53,26.55,12.54,14.01,2.68,2.62,33.75198332,74.25077264
20160515,0.05,44.68,27.15,12.01,15.14,3.76,3.58,33.75198332,74.25077264
20160516,1.64,41.99,26.89,13.98,12.91,3.14,3.53,33.75198332,74.25077264
20160517,0.19,36.84,28.39,14.41,13.98,1.85,1.55,33.75198332,74.25077264
20160518,0.0,31.09,30.89,15.0,15.9,2.47,1.76,33.75198332,74.25077264
20160519,0.0,31.73,30.85,18.24,12.61,3.95,4.06,33.75198332,74.25077264
20160520,0.0,29.52,31.22,17.66,13.57,3.06,3.37,33.75198332,74.25077264
20160521,0.01,29.2,31.9,16.97,14.94,2.13,2.16,33.75198332,74.25077264
20160522,0.12,27.25,32.53,19.06,13.47,3.68,3.58,33.75198332,74.25077264
20160523,12.79,45.13,26.52,17.28,9.24,4.15,4.03,33.75198332,74.25077264
20160524,20.54,66.36,21.52,14.28,7.24,3.42,3.63,33.75198332,74.25077264
20160525,0.08,56.67,24.36,12.9,11.46,3.95,3.81,33.75198332,74.25077264
20160526,0.05,48.22,27.49,13.58,13.9,5.23,5.26,33.75198332,74.25077264
20160527,0.01,40.79,28.9,14.98,13.92,4.41,4.58,33.75198332,74.25077264
20160528,0.39,43.24,28.87,13.6,15.27,4.12,3.98,33.75198332,74.25077264
20160529,3.31,38.13,27.8,17.16,10.63,4.86,5.15,33.75198332,74.25077264
20160530,4.21,44.29,26.04,13.08,12.95,4.68,4.88,33.75198332,74.25077264
20160531,0.24,41.1,27.96,12.31,15.65,4.62,4.61,33.75198332,74.25077264
20160601,0.28,42.18,30.44,13.91,16.53,3.73,3.81,33.75198332,74.25077264
20160602,0.79,46.48,29.85,15.88,13.97,4.4,3.94,33.75198332,74.25077264
20160603,0.01,47.4,29.45,16.33,13.12,3.83,3.98,33.75198332,74.25077264
20160604,0.01,40.9,31.09,17.08,14.01,4.45,4.45,33.75198332,74.25077264
20160605,0.02,36.14,31.3,16.58,14.73,4.63,4.5,33.75198332,74.25077264
20160606,0.01,34.24,31.2,16.26,14.93,4.83,5.2,33.75198332,74.25077264
20160607,4.32,30.91,31.08,20.28,10.8,4.5,4.56,33.75198332,74.25077264
20160608,3.19,34.25,31.05,17.72,13.34,5.03,5.18,33.75198332,74.25077264
20160609,1.76,37.41,30.45,19.51,10.94,4.43,4.52,33.75198332,74.25077264
20160610,1.75,37.48,30.43,18.63,11.8,5.25,5.15,33.75198332,74.25077264
20160611,3.49,49.88,27.38,17.04,10.34,2.93,3.11,33.75198332,74.25077264
20160612,1.09,44.71,28.52,18.23,10.29,4.29,4.23,33.75198332,74.25077264
20160613,1.05,44.96,29.4,18.2,11.2,3.15,2.95,33.75198332,74.25077264
20160614,0.0,42.29,31.58,18.67,12.91,3.81,3.63,33.75198332,74.25077264
20160615,13.08,45.23,30.84,20.21,10.63,4.89,4.89,33.75198332,74.25077264
20160616,5.67,47.95,29.35,18.3,11.05,3.86,3.45,33.75198332,74.25077264
20160617,1.29,50.81,29.36,16.18,13.17,4.0,4.15,33.75198332,74.25077264
20160618,0.07,54.65,28.97,17.35,11.62,3.71,3.5,33.75198332,74.25077264
20160619,1.76,56.18,28.73,19.26,9.47,4.15,4.15,33.75198332,74.25077264
20160620,4.87,61.44,27.87,19.99,7.88,4.93,5.08,33.75198332,74.25077264
20160621,6.14,58.04,28.61,19.84,8.77,4.37,4.53,33.75198332,74.25077264
20160622,4.58,55.01,28.16,17.88,10.28,4.37,3.98,33.75198332,74.25077264
20160623,0.21,52.61,29.38,17.6,11.78,4.7,4.82,33.75198332,74.25077264
20160624,0.0,47.7,31.01,16.96,14.04,5.44,5.39,33.75198332,74.25077264
20160625,0.5,47.48,31.19,18.57,12.62,4.84,4.85,33.75198332,74.25077264
20160626,0.21,51.42,30.27,20.03,10.24,4.13,3.81,33.75198332,74.25077264
20160627,1.06,54.71,29.53,19.43,10.1,3.71,3.72,33.75198332,74.25077264
20160628,1.46,56.48,29.74,19.5,10.24,5.15,4.95,33.75198332,74.25077264
20160629,0.1,55.41,31.13,19.46,11.67,4.3,4.05,33.75198332,74.25077264
20160630,0.22,54.88,32.17,20.33,11.84,5.23,5.03,33.75198332,74.25077264
20160701,2.14,55.68,31.26,20.46,10.8,5.03,4.58,33.75198332,74.25077264
20160702,5.16,61.36,29.47,19.95,9.52,5.56,5.7,33.75198332,74.25077264
20160703,6.58,70.96,28.11,18.63,9.48,4.99,4.28,33.75198332,74.25077264
20160704,0.25,64.17,28.57,17.81,10.76,5.47,5.28,33.75198332,74.25077264
20160705,7.7,59.88,29.9,18.08,11.82,5.21,5.06,33.75198332,74.25077264
20160706,3.16,58.31,29.4,18.76,10.64,4.82,4.79,33.75198332,74.25077264
20160707,1.49,57.01,28.69,17.97,10.73,4.4,4.23,33.75198332,74.25077264
20160708,0.98,54.16,31.28,18.57,12.71,4.68,4.42,33.75198332,74.25077264
20160709,4.1,53.82,29.65,19.27,10.38,4.29,4.03,33.75198332,74.25077264
20160710,0.75,56.46,29.5,18.51,10.99,4.17,3.93,33.75198332,74.25077264
20160711,1.71,64.45,28.54,19.39,9.15,4.78,4.66,33.75198332,74.25077264
20160712,2.63,65.15,29.47,19.36,10.12,5.47,5.43,33.75198332,74.25077264
20160713,4.54,69.73,28.91,19.81,9.1,4.56,4.01,33.75198332,74.25077264
20160714,10.24,72.13,28.82,19.41,9.42,5.45,5.25,33.75198332,74.25077264
20160715,9.33,69.42,28.6,19.03,9.56,4.81,4.55,33.75198332,74.25077264
20160716,1.72,65.61,28.59,17.03,11.55,4.15,3.82,33.75198332,74.25077264
20160717,5.0,76.16,26.72,18.43,8.29,4.5,4.01,33.75198332,74.25077264
20160718,4.94,74.49,25.26,17.39,7.87,3.5,2.71,33.75198332,74.25077264
20160719,1.24,63.95,27.4,16.61,10.79,4.22,3.79,33.75198332,74.25077264
20160720,0.03,59.04,30.04,17.36,12.68,5.31,4.84,33.75198332,74.25077264
20160721,0.74,63.73,29.61,18.64,10.97,5.61,5.58,33.75198332,74.25077264
20160722,2.58,65.69,26.1,18.71,7.39,4.8,4.92,33.75198332,74.25077264
20160723,0.09,57.61,29.55,17.75,11.8,4.95,4.81,33.75198332,74.25077264
20160724,3.47,70.7,28.2,17.82,10.38,4.9,4.45,33.75198332,74.25077264
20160725,5.47,72.74,28.43,18.51,9.93,4.71,4.1,33.75198332,74.25077264
20160726,4.95,74.12,27.8,18.95,8.85,4.72,4.35,33.75198332,74.25077264
20160727,51.68,84.87,24.78,18.32,6.47,4.16,3.43,33.75198332,74.25077264
20160728,13.97,81.68,24.42,17.18,7.24,2.63,1.93,33.75198332,74.25077264
20160729,10.88,78.31,26.01,17.28,8.73,4.1,3.67,33.75198332,74.25077264
20160730,2.55,77.85,25.07,17.96,7.11,4.57,4.35,33.75198332,74.25077264
20160731,0.03,73.13,26.31,16.57,9.74,4.54,4.22,33.75198332,74.25077264
20160801,2.98,74.76,26.72,17.81,8.91,4.73,4.53,33.75198332,74.25077264
20160802,11.74,80.5,25.76,17.49,8.27,4.17,3.47,33.75198332,74.25077264
20160803,1.47,78.24,25.78,17.62,8.16,4.06,3.54,33.75198332,74.25077264
20160804,0.93,72.15,28.31,17.85,10.46,4.19,3.97,33.75198332,74.25077264
20160805,0.14,71.0,28.17,18.24,9.93,5.03,4.95,33.75198332,74.25077264
20160806,4.66,78.03,26.88,18.85,8.03,6.01,5.95,33.75198332,74.25077264
20160807,19.72,88.42,23.62,18.5,5.12,4.14,3.69,33.75198332,74.25077264
20160808,10.5,81.1,25.36,17.63,7.73,3.57,3.19,33.75198332,74.25077264
20160809,6.4,79.64,25.68,17.46,8.22,3.96,3.73,33.75198332,74.25077264
20160810,4.97,83.15,25.17,18.22,6.95,4.18,3.61,33.75198332,74.25077264
20160811,3.75,81.39,24.48,17.44,7.04,3.86,3.74,33.75198332,74.25077264
20160812,0.88,75.64,25.9,17.07,8.83,4.27,3.93,33.75198332,74.25077264
20160813,0.0,72.69,26.3,16.52,9.78,4.13,3.95,33.75198332,74.25077264
20160814,5.13,74.75,26.08,17.32,8.75,3.61,3.3,33.75198332,74.25077264
20160815,1.27,70.93,26.02,16.65,9.37,4.71,4.63,33.75198332,74.25077264
20160816,4.73,69.06,24.64,16.43,8.21,4.0,3.89,33.75198332,74.25077264
20160817,1.14,66.25,26.35,15.3,11.06,3.26,2.97,33.75198332,74.25077264
20160818,0.84,65.76,26.12,15.98,10.14,3.16,2.65,33.75198332,74.25077264
20160819,0.0,59.02,28.44,15.48,12.96,4.47,4.3,33.75198332,74.25077264
20160820,0.03,62.53,27.6,16.83,10.77,4.72,4.91,33.75198332,74.25077264
20160821,2.14,63.7,27.85,17.06,10.79,4.31,4.21,33.75198332,74.25077264
20160822,2.36,59.93,27.69,15.72,11.98,3.55,3.36,33.75198332,74.25077264
20160823,0.92,59.83,27.96,15.96,12.0,4.03,3.57,33.75198332,74.25077264
20160824,0.16,63.39,27.74,16.76,10.98,3.98,3.62,33.75198332,74.25077264
20160825,3.0,72.85,25.09,17.51,7.58,3.06,2.76,33.75198332,74.25077264
20160826,3.52,69.11,25.9,18.12,7.77,3.66,3.48,33.75198332,74.25077264
20160827,16.27,78.59,25.06,17.12,7.94,3.64,3.48,33.75198332,74.25077264
20160828,12.97,80.72,21.85,17.06,4.79,3.29,3.33,33.75198332,74.25077264
20160829,6.28,71.32,25.22,16.31,8.91,3.41,3.13,33.75198332,74.25077264
20160830,2.97,77.17,22.86,15.92,6.93,3.79,3.79,33.75198332,74.25077264
20160831,1.18,69.92,24.81,15.32,9.5,3.72,3.51,33.75198332,74.25077264
20160901,1.64,68.51,23.1,15.68,7.42,2.87,2.75,33.75198332,74.25077264
20160902,1.98,61.05,25.05,14.09,10.96,4.15,3.97,33.75198332,74.25077264
20160903,0.04,61.71,26.04,13.86,12.18,5.4,5.56,33.75198332,74.25077264
20160904,0.0,60.5,26.5,15.34,11.16,4.67,4.62,33.75198332,74.25077264
20160905,1.57,59.16,25.96,15.11,10.85,4.58,4.39,33.75198332,74.25077264
20160906,4.31,66.12,25.06,15.69,9.37,4.19,4.1,33.75198332,74.25077264
20160907,0.01,67.83,26.04,15.35,10.69,4.03,3.81,33.75198332,74.25077264
20160908,0.0,66.66,27.19,15.99,11.21,4.28,3.92,33.75198332,74.25077264
20160909,1.24,68.08,27.23,16.29,10.94,4.31,3.87,33.75198332,74.25077264
20160910,2.59,69.07,26.32,16.72,9.6,4.29,3.99,33.75198332,74.25077264
20160911,7.61,70.63,25.72,15.57,10.15,4.01,4.0,33.75198332,74.25077264
20160912,3.43,71.47,24.45,15.02,9.43,3.8,3.72,33.75198332,74.25077264
20160913,3.03,70.33,23.89,14.56,9.33,3.43,3.25,33.75198332,74.25077264
20160914,5.0,76.42,21.79,14.3,7.49,3.1,3.11,33.75198332,74.25077264
20160915,0.0,62.12,25.49,12.71,12.78,3.94,3.62,33.75198332,74.25077264
20160916,0.0,60.66,25.91,14.83,11.08,2.95,2.69,33.75198332,74.25077264
20160917,0.0,62.13,26.03,14.41,11.62,4.08,4.07,33.75198332,74.25077264
20160918,0.0,62.97,26.73,14.95,11.78,4.49,4.38,33.75198332,74.25077264
20160919,0.01,61.48,27.44,14.52,12.92,4.71,4.5,33.75198332,74.25077264
20160920,0.0,63.54,26.74,15.31,11.43,4.19,3.93,33.75198332,74.25077264
20160921,0.87,65.88,25.35,16.35,9.0,4.0,3.8,33.75198332,74.25077264
20160922,2.25,70.42,23.19,14.54,8.64,3.35,3.27,33.75198332,74.25077264
20160923,1.42,71.2,24.18,14.68,9.5,4.37,4.05,33.75198332,74.25077264
20160924,1.53,71.34,23.07,14.87,8.21,4.15,4.06,33.75198332,74.25077264
20160925,0.01,68.04,24.74,13.91,10.83,4.81,4.62,33.75198332,74.25077264
20160926,0.07,66.23,25.03,14.62,10.41,4.17,4.13,33.75198332,74.25077264
20160927,0.04,68.78,25.24,13.35,11.88,4.08,3.77,33.75198332,74.25077264
20160928,0.02,66.83,26.03,14.47,11.56,4.48,4.13,33.75198332,74.25077264
20160929,0.02,66.88,25.43,13.63,11.79,3.99,3.63,33.75198332,74.25077264
20160930,0.0,59.22,27.13,14.43,12.7,3.65,3.22,33.75198332,74.25077264
20161001,0.0,57.39,26.91,14.03,12.87,3.94,3.71,33.75198332,74.25077264
20161002,0.22,59.17,26.87,15.23,11.64,4.46,4.24,33.75198332,74.25077264
20161003,0.09,59.12,26.59,14.74,11.85,3.58,3.48,33.75198332,74.25077264
20161004,0.28,53.42,27.16,13.23,13.93,4.49,4.44,33.75198332,74.25077264
20161005,5.33,62.5,23.64,13.06,10.58,3.35,3.28,33.75198332,74.25077264
20161006,0.46,60.11,23.96,12.1,11.85,3.44,3.39,33.75198332,74.25077264
20161007,0.02,56.59,24.49,10.41,14.08,4.69,4.97,33.75198332,74.25077264
20161008,0.01,52.73,23.72,11.11,12.62,3.38,3.51,33.75198332,74.25077264
20161009,0.0,50.88,23.56,10.77,12.79,4.17,3.98,33.75198332,74.25077264
20161010,0.0,51.2,22.78,10.0,12.78,3.76,4.01,33.75198332,74.25077264
20161011,0.0,44.21,24.48,9.81,14.67,4.71,4.57,33.75198332,74.25077264
20161012,0.25,42.82,23.35,10.13,13.22,4.74,4.79,33.75198332,74.25077264
20161013,0.01,40.58,23.5,8.95,14.56,3.71,3.59,33.75198332,74.25077264
20161014,0.0,36.42,24.97,7.64,17.33,4.32,4.15,33.75198332,74.25077264
20161015,0.0,33.42,25.3,8.18,17.12,4.62,4.5,33.75198332,74.25077264
20161016,0.0,33.33,24.03,9.08,14.94,4.89,4.73,33.75198332,74.25077264
20161017,0.0,34.73,23.63,7.79,15.84,4.12,3.94,33.75198332,74.25077264
20161018,0.0,33.82,24.34,8.17,16.17,5.0,4.86,33.75198332,74.25077264
20161019,0.0,36.95,22.77,8.18,14.59,4.81,4.93,33.75198332,74.25077264
20161020,0.0,33.95,22.89,8.0,14.9,5.07,5.26,33.75198332,74.25077264
20161021,0.61,40.65,21.9,6.56,15.35,3.17,4.8,33.75198332,74.25077264
20161022,0.0,39.56,21.95,7.63,14.32,3.89,3.89,33.75198332,74.25077264
20161023,0.0,37.06,22.0,6.58,15.43,3.87,3.62,33.75198332,74.25077264
20161024,0.0,33.08,21.39,7.28,14.11,4.82,4.77,33.75198332,74.25077264
20161025,0.0,33.26,21.43,6.57,14.86,4.29,4.32,33.75198332,74.25077264
20161026,0.0,33.15,20.92,8.84,12.08,4.18,4.21,33.75198332,74.25077264
20161027,0.0,31.45,21.94,5.45,16.49,3.11,2.94,33.75198332,74.25077264
20161028,0.0,28.58,23.08,6.12,16.96,4.47,4.4,33.75198332,74.25077264
20161029,0.0,28.71,22.03,7.59,14.44,4.74,4.54,33.75198332,74.25077264
20161030,0.0,33.83,18.75,7.09,11.66,3.05,2.78,33.75198332,74.25077264
20161031,0.0,31.84,20.97,6.95,14.02,4.07,3.91,33.75198332,74.25077264
20161101,0.0,32.39,21.71,6.42,15.29,4.36,4.17,33.75198332,74.25077264
20161102,0.0,33.49,21.29,6.82,14.46,3.5,3.03,33.75198332,74.25077264
20161103,0.0,34.33,20.96,6.0,14.96,4.14,3.94,33.75198332,74.25077264
20161104,0.02,43.48,18.42,7.98,10.43,3.35,3.34,33.75198332,74.25077264
20161105,0.02,43.1,19.58,4.89,14.69,3.98,3.75,33.75198332,74.25077264
20161106,0.0,34.22,18.76,5.24,13.52,3.67,3.46,33.75198332,74.25077264
20161107,0.0,27.61,19.96,5.02,14.94,3.27,2.8,33.75198332,74.25077264
20161108,0.0,20.6,22.57,4.36,18.21,3.89,3.79,33.75198332,74.25077264
20161109,0.0,19.85,21.95,5.68,16.27,4.36,4.29,33.75198332,74.25077264
20161110,0.0,20.46,20.99,6.29,14.7,5.23,5.25,33.75198332,74.25077264
20161111,0.0,25.9,18.06,5.52,12.54,4.48,4.49,33.75198332,74.25077264
20161112,0.07,30.06,16.97,6.43,10.55,1.76,1.98,33.75198332,74.25077264
20161113,0.04,31.32,18.44,3.67,14.77,3.31,3.17,33.75198332,74.25077264
20161114,0.0,28.62,17.59,4.07,13.52,4.0,3.91,33.75198332,74.25077264
20161115,0.0,27.82,15.49,3.33,12.16,3.19,3.1,33.75198332,74.25077264
20161116,0.0,25.2,17.99,2.79,15.19,4.0,3.81,33.75198332,74.25077264
20161117,0.0,22.58,20.63,3.39,17.24,3.55,4.04,33.75198332,74.25077264
20161118,0.0,22.39,21.66,5.34,16.31,3.45,3.75,33.75198332,74.25077264
20161119,0.0,22.98,20.69,5.77,14.92,3.32,3.09,33.75198332,74.25077264
20161120,0.0,26.28,18.18,6.64,11.54,3.6,3.68,33.75198332,74.25077264
20161121,0.0,31.62,15.5,7.62,7.88,2.63,2.81,33.75198332,74.25077264
20161122,0.0,28.36,16.76,6.65,10.12,3.2,3.25,33.75198332,74.25077264
20161123,0.0,30.44,16.93,6.93,10.0,4.62,4.76,33.75198332,74.25077264
20161124,0.0,34.75,15.85,4.73,11.13,2.54,2.35,33.75198332,74.25077264
20161125,0.0,34.53,19.05,5.26,13.8,3.46,3.76,33.75198332,74.25077264
20161126,0.02,38.39,18.67,7.05,11.63,4.27,4.24,33.75198332,74.25077264
20161127,0.0,24.93,19.47,4.19,15.28,3.16,3.47,33.75198332,74.25077264
20161128,0.0,15.5,20.6,4.26,16.34,3.15,3.78,33.75198332,74.25077264
20161129,0.0,19.06,18.6,7.05,11.56,2.59,2.6,33.75198332,74.25077264
20161130,0.02,39.85,14.35,5.4,8.95,2.11,2.31,33.75198332,74.25077264
20161201,0.0,38.99,16.55,3.36,13.2,1.9,2.84,33.75198332,74.25077264
20161202,0.0,20.55,20.52,2.59,17.92,3.87,5.25,33.75198332,74.25077264
20161203,0.0,14.3,18.93,4.87,14.06,2.28,2.8,33.75198332,74.25077264
20161204,0.0,14.15,20.06,7.73,12.33,3.11,2.68,33.75198332,74.25077264
20161205,0.0,21.58,20.41,5.44,14.98,3.17,2.92,33.75198332,74.25077264
20161206,0.0,21.24,20.34,5.62,14.72,2.74,2.79,33.75198332,74.25077264
20161207,0.0,19.84,21.47,8.03,13.44,3.37,3.22,33.75198332,74.25077264
20161208,0.0,23.92,19.67,6.13,13.55,3.34,3.17,33.75198332,74.25077264
20161209,0.0,27.47,17.47,5.96,11.51,4.08,4.0,33.75198332,74.25077264
20161210,0.85,41.98,15.13,3.36,11.77,5.9,6.32,33.75198332,74.25077264
20161211,1.09,54.95,14.09,4.65,9.44,2.75,2.95,33.75198332,74.25077264
20161212,1.65,60.19,11.51,2.54,8.97,4.15,4.2,33.75198332,74.25077264
20161213,0.08,49.51,13.07,0.94,12.13,2.05,2.33,33.75198332,74.25077264
20161214,0.0,31.19,15.17,1.03,14.14,3.1,3.27,33.75198332,74.25077264
20161215,0.0,20.94,15.88,3.06,12.82,2.97,3.17,33.75198332,74.25077264
20161216,0.0,19.11,16.15,2.51,13.63,3.26,2.95,33.75198332,74.25077264
20161217,0.0,17.93,15.79,2.27,13.52,3.53,3.37,33.75198332,74.25077264
20161218,0.0,20.5,15.41,2.31,13.1,3.1,2.87,33.75198332,74.25077264
20161219,0.0,24.1,15.18,2.5,12.69,3.62,3.34,33.75198332,74.25077264
20161220,0.0,19.69,17.12,1.72,15.4,1.86,3.15,33.75198332,74.25077264
20161221,0.0,12.46,20.13,3.27,16.86,3.28,3.77,33.75198332,74.25077264
20161222,0.0,15.02,17.61,6.43,11.18,2.26,1.94,33.75198332,74.25077264
20161223,0.0,18.33,16.44,5.58,10.87,3.72,3.7,33.75198332,74.25077264
20161224,0.01,22.99,12.73,3.95,8.78,3.58,3.44,33.75198332,74.25077264
20161225,0.05,29.58,12.76,2.28,10.48,1.85,2.64,33.75198332,74.25077264
20161226,0.0,15.84,16.39,-0.3,16.69,2.91,4.32,33.75198332,74.25077264
20161227,0.0,17.57,18.16,3.92,14.24,2.95,2.66,33.75198332,74.25077264
20161228,0.0,24.44,19.47,4.62,14.86,3.02,2.82,33.75198332,74.25077264
20161229,0.0,29.31,18.7,6.87,11.83,3.66,3.83,33.75198332,74.25077264
20161230,0.0,34.43,15.93,4.91,11.02,3.53,3.18,33.75198332,74.25077264
20161231,0.0,35.52,13.63,3.83,9.8,2.87,2.71,33.75198332,74.25077264
20170101,0.0,45.97,12.26,3.54,8.72,2.79,2.64,33.75198332,74.25077264
20170102,0.07,40.51,12.48,1.5,10.98,3.55,3.38,33.75198332,74.25077264
20170103,6.79,67.25,7.95,2.26,5.69,3.35,3.65,33.75198332,74.25077264
20170104,12.2,87.78,6.68,0.41,6.27,6.03,7.06,33.75198332,74.25077264
20170105,3.85,73.61,8.2,-0.21,8.41,2.39,2.78,33.75198332,74.25077264
20170106,38.13,93.41,3.32,-0.27,3.59,3.09,3.39,33.75198332,74.25077264
20170107,4.02,85.34,2.93,-3.03,5.96,3.29,3.74,33.75198332,74.25077264
20170108,2.62,76.94,1.81,-6.79,8.6,1.84,2.4,33.75198332,74.25077264
20170109,0.99,74.2,2.57,-8.62,11.19,2.01,2.58,33.75198332,74.25077264
20170110,0.21,62.04,4.85,-7.5,12.35,2.13,2.44,33.75198332,74.25077264
20170111,0.01,51.08,4.55,-10.24,14.79,3.95,4.94,33.75198332,74.25077264
20170112,0.0,46.5,4.3,-8.56,12.87,2.97,4.23,33.75198332,74.25077264
20170113,0.0,51.35,4.62,-8.31,12.93,2.94,4.32,33.75198332,74.25077264
20170114,0.05,61.2,4.88,-7.41,12.29,3.49,4.91,33.75198332,74.25077264
20170115,7.25,77.43,5.71,-2.16,7.87,2.41,2.66,33.75198332,74.25077264
20170116,7.84,86.98,2.61,-3.4,6.01,4.54,5.11,33.75198332,74.25077264
20170117,8.56,83.82,3.97,-5.11,9.08,2.24,2.15,33.75198332,74.25077264
20170118,7.03,87.44,1.4,-2.94,4.33,2.66,3.0,33.75198332,74.25077264
20170119,0.16,69.53,5.35,-6.51,11.86,3.46,5.17,33.75198332,74.25077264
20170120,0.0,50.96,8.96,-8.44,17.4,4.43,6.22,33.75198332,74.25077264
20170121,0.06,50.25,8.97,-2.48,11.45,2.0,2.9,33.75198332,74.25077264
20170122,0.34,70.49,8.3,-1.61,9.91,2.96,4.33,33.75198332,74.25077264
20170123,0.26,73.27,9.56,-2.35,11.91,2.76,4.44,33.75198332,74.25077264
20170124,20.74,87.44,6.18,1.71,4.46,2.51,2.92,33.75198332,74.25077264
20170125,51.32,93.69,3.48,1.42,2.06,0.83,1.84,33.75198332,74.25077264
20170126,37.35,94.59,3.4,1.86,1.54,2.27,3.71,33.75198332,74.25077264
20170127,3.6,84.07,6.16,-0.65,6.81,2.14,2.91,33.75198332,74.25077264
20170128,6.15,73.97,6.75,-2.08,8.83,2.07,2.85,33.75198332,74.25077264
20170129,3.12,77.54,7.93,1.43,6.5,2.1,3.27,33.75198332,74.25077264
20170130,3.7,82.36,7.39,1.34,6.04,2.37,3.04,33.75198332,74.25077264
20170131,0.14,79.47,7.43,-2.06,9.49,2.64,3.58,33.75198332,74.25077264
20170201,0.0,64.66,9.05,-4.28,13.34,3.33,5.02,33.75198332,74.25077264
20170202,0.0,65.23,8.04,-1.49,9.53,2.33,3.39,33.75198332,74.25077264
20170203,0.0,62.46,7.98,1.77,6.21,1.2,1.61,33.75198332,74.25077264
20170204,20.98,73.17,7.66,1.64,6.02,6.03,7.8,33.75198332,74.25077264
20170205,27.61,87.93,5.05,1.35,3.7,7.36,9.38,33.75198332,74.25077264
20170206,0.8,77.49,6.91,-4.51,11.42,2.57,3.42,33.75198332,74.25077264
20170207,0.0,70.23,7.54,-3.77,11.31,1.94,2.79,33.75198332,74.25077264
20170208,0.49,68.63,7.13,1.09,6.03,4.04,4.9,33.75198332,74.25077264
20170209,0.05,69.83,7.46,-3.99,11.45,2.97,4.67,33.75198332,74.25077264
20170210,0.0,59.6,9.43,-6.69,16.11,4.56,5.99,33.75198332,74.25077264
20170211,0.0,55.88,9.51,-2.34,11.85,2.51,3.32,33.75198332,74.25077264
20170212,0.0,65.37,9.79,-3.52,13.32,3.67,4.94,33.75198332,74.25077264
20170213,0.0,61.56,10.57,-2.94,13.52,3.48,4.88,33.75198332,74.25077264
20170214,0.0,52.85,11.0,-2.0,13.0,3.57,5.51,33.75198332,74.25077264
20170215,0.85,67.64,10.9,4.52,6.37,1.93,2.64,33.75198332,74.25077264
20170216,0.31,78.67,11.66,4.4,7.26,1.71,2.9,33.75198332,74.25077264
20170217,0.85,77.76,12.28,6.03,6.25,1.45,1.87,33.75198332,74.25077264
20170218,3.17,82.28,10.95,5.44,5.51,1.93,3.48,33.75198332,74.25077264
20170219,10.21,92.08,9.47,5.51,3.96,3.87,4.61,33.75198332,74.25077264
20170220,8.31,78.81,8.68,4.75,3.92,1.5,1.96,33.75198332,74.25077264
20170221,4.75,60.5,8.65,2.6,6.05,3.02,3.52,33.75198332,74.25077264
20170222,0.33,49.89,9.77,-0.26,10.03,1.67,2.15,33.75198332,74.25077264
20170223,0.36,51.21,10.59,-1.06,11.64,2.65,3.02,33.75198332,74.25077264
20170224,0.03,52.67,11.61,-2.71,14.31,3.2,3.81,33.75198332,74.25077264
20170225,0.0,59.88,11.81,1.41,10.4,2.15,2.93,33.75198332,74.25077264
20170226,0.0,52.64,14.54,0.32,14.22,2.33,2.83,33.75198332,74.25077264
20170227,0.0,50.58,14.56,0.08,14.48,3.04,3.82,33.75198332,74.25077264
20170228,1.49,63.43,11.12,4.27,6.85,3.15,3.42,33.75198332,74.25077264
20170301,11.78,76.55,10.12,3.8,6.32,4.94,5.36,33.75198332,74.25077264
20170302,4.0,71.9,9.34,1.36,7.97,3.45,3.71,33.75198332,74.25077264
20170303,0.18,61.39,10.62,1.64,8.97,3.08,3.25,33.75198332,74.25077264
20170304,0.01,54.16,11.2,-0.67,11.87,2.25,2.76,33.75198332,74.25077264
20170305,0.0,49.77,12.27,-0.22,12.49,2.68,2.83,33.75198332,74.25077264
20170306,0.16,55.39,12.07,2.82,9.25,3.51,3.65,33.75198332,74.25077264
20170307,4.88,76.44,8.54,3.29,5.25,3.09,3.04,33.75198332,74.25077264
20170308,9.42,85.62,6.83,2.35,4.48,3.28,3.17,33.75198332,74.25077264
20170309,20.61,92.38,5.73,1.88,3.85,2.54,2.44,33.75198332,74.25077264
20170310,11.96,81.72,4.86,0.15,4.71,4.04,4.54,33.75198332,74.25077264
20170311,5.65,74.72,4.71,-0.55,5.26,3.07,3.28,33.75198332,74.25077264
20170312,0.25,60.48,7.64,-3.92,11.56,1.97,2.35,33.75198332,74.25077264
20170313,0.0,57.76,9.27,0.12,9.15,3.06,3.09,33.75198332,74.25077264
20170314,0.0,61.59,10.27,0.48,9.8,3.16,3.29,33.75198332,74.25077264
20170315,0.0,74.55,8.13,-0.65,8.79,2.96,4.76,33.75198332,74.25077264
20170316,0.97,78.2,10.7,3.08,7.62,4.32,4.26,33.75198332,74.25077264
20170317,0.08,71.65,11.93,2.11,9.82,2.59,2.47,33.75198332,74.25077264
20170318,0.06,57.56,13.56,2.27,11.29,1.7,2.22,33.75198332,74.25077264
20170319,0.06,56.53,15.02,5.0,10.03,2.42,2.18,33.75198332,74.25077264
20170320,0.0,56.81,17.27,3.29,13.99,2.71,3.32,33.75198332,74.25077264
20170321,1.4,64.62,16.85,7.57,9.28,3.48,3.52,33.75198332,74.25077264
20170322,3.36,78.27,14.57,6.46,8.11,2.28,3.5,33.75198332,74.25077264
20170323,0.66,62.8,18.02,7.0,11.02,3.52,3.5,33.75198332,74.25077264
20170324,0.0,54.79,19.2,5.65,13.55,1.66,2.21,33.75198332,74.25077264
20170325,0.0,53.57,19.32,8.25,11.07,2.51,2.64,33.75198332,74.25077264
20170326,0.0,53.48,21.04,6.91,14.14,3.1,3.17,33.75198332,74.25077264
20170327,0.15,55.22,21.73,11.6,10.13,2.84,2.68,33.75198332,74.25077264
20170328,0.66,63.62,19.21,11.3,7.91,1.58,2.09,33.75198332,74.25077264
20170329,0.6,59.77,21.53,8.93,12.6,2.39,3.17,33.75198332,74.25077264
20170330,0.06,51.16,22.93,8.74,14.19,3.06,3.86,33.75198332,74.25077264
20170331,0.58,55.85,21.96,10.81,11.14,3.28,3.7,33.75198332,74.25077264
20170401,1.91,51.38,20.93,9.48,11.46,2.83,2.94,33.75198332,74.25077264
20170402,0.25,52.77,21.22,6.66,14.56,4.03,4.5,33.75198332,74.25077264
20170403,0.18,50.5,21.53,7.56,13.97,3.33,4.48,33.75198332,74.25077264
20170404,31.41,59.5,19.35,8.54,10.82,5.46,5.72,33.75198332,74.25077264
20170405,25.59,78.69,15.05,6.46,8.59,5.92,7.04,33.75198332,74.25077264
20170406,44.28,86.1,11.57,5.21,6.36,7.13,8.52,33.75198332,74.25077264
20170407,5.66,65.14,13.4,4.26,9.14,4.9,5.37,33.75198332,74.25077264
20170408,3.21,52.92,13.92,2.64,11.27,4.02,4.33,33.75198332,74.25077264
20170409,0.27,48.57,16.51,1.73,14.78,1.51,2.45,33.75198332,74.25077264
20170410,0.0,43.18,19.03,3.95,15.08,1.91,2.34,33.75198332,74.25077264
20170411,0.0,43.76,22.01,5.87,16.14,2.09,2.79,33.75198332,74.25077264
20170412,0.0,41.77,23.52,7.1,16.43,1.82,2.2,33.75198332,74.25077264
20170413,0.0,44.43,24.0,8.98,15.02,3.46,3.52,33.75198332,74.25077264
20170414,0.0,50.49,24.11,9.13,14.98,2.77,3.36,33.75198332,74.25077264
20170415,0.0,44.29,26.1,9.73,16.37,1.38,2.35,33.75198332,74.25077264
20170416,0.0,39.89,28.27,9.82,18.46,3.61,5.8,33.75198332,74.25077264
20170417,0.0,43.37,26.88,12.69,14.19,2.52,3.49,33.75198332,74.25077264
20170418,0.0,44.63,27.45,12.8,14.65,3.46,4.01,33.75198332,74.25077264
20170419,0.11,41.64,26.88,16.38,10.5,3.93,4.0,33.75198332,74.25077264
20170420,1.62,52.74,26.97,12.69,14.29,4.03,5.59,33.75198332,74.25077264
20170421,10.01,58.48,24.99,13.69,11.31,4.56,5.04,33.75198332,74.25077264
20170422,3.28,70.35,19.35,11.09,8.26,3.73,5.45,33.75198332,74.25077264
20170423,7.76,66.78,20.36,10.27,10.09,3.7,5.04,33.75198332,74.25077264
20170424,4.19,61.69,19.33,8.91,10.42,4.63,4.91,33.75198332,74.25077264
20170425,0.15,52.0,21.28,8.27,13.02,2.04,2.51,33.75198332,74.25077264
20170426,1.09,60.88,20.03,9.32,10.71,2.11,3.22,33.75198332,74.25077264
20170427,0.17,50.03,21.65,9.96,11.69,1.44,2.34,33.75198332,74.25077264
20170428,0.9,47.28,22.12,11.14,10.98,2.54,2.49,33.75198332,74.25077264
20170429,18.51,63.49,20.36,10.2,10.16,4.16,4.18,33.75198332,74.25077264
20170430,0.28,49.07,20.89,7.88,13.01,2.74,2.68,33.75198332,74.25077264
20170501,0.04,42.35,21.93,9.23,12.7,2.42,2.5,33.75198332,74.25077264
20170502,0.53,47.98,22.39,9.01,13.39,2.75,3.37,33.75198332,74.25077264
20170503,4.5,67.84,19.9,12.02,7.88,2.46,2.63,33.75198332,74.25077264
20170504,0.28,62.18,21.39,9.8,11.59,2.67,2.77,33.75198332,74.25077264
20170505,0.0,50.05,24.19,10.54,13.65,2.47,2.14,33.75198332,74.25077264
20170506,0.14,48.41,26.33,12.3,14.03,2.25,2.22,33.75198332,74.25077264
20170507,0.02,50.31,26.22,15.24,10.98,2.15,1.59,33.75198332,74.25077264
20170508,0.01,50.2,27.53,13.17,14.36,1.75,3.03,33.75198332,74.25077264
20170509,0.11,44.84,27.5,16.57,10.93,1.19,1.41,33.75198332,74.25077264
20170510,0.24,46.64,26.9,13.68,13.22,2.45,2.33,33.75198332,74.25077264
20170511,0.58,50.85,25.13,15.2,9.92,2.6,2.62,33.75198332,74.25077264
20170512,0.19,51.46,26.66,14.63,12.02,1.14,1.36,33.75198332,74.25077264
20170513,0.0,48.93,26.57,14.81,11.76,2.08,1.99,33.75198332,74.25077264
20170514,1.98,53.76,25.47,15.37,10.1,2.32,2.87,33.75198332,74.25077264
20170515,0.5,52.99,26.89,13.32,13.56,2.86,3.16,33.75198332,74.25077264
20170516,3.98,59.99,23.86,13.96,9.91,3.39,3.49,33.75198332,74.25077264
20170517,3.89,60.68,22.29,13.79,8.49,2.44,2.23,33.75198332,74.25077264
20170518,0.24,55.51,25.1,13.7,11.4,3.3,3.09,33.75198332,74.25077264
20170519,2.4,49.76,27.0,13.83,13.17,2.38,2.13,33.75198332,74.25077264
20170520,2.33,48.87,26.21,14.81,11.4,1.99,2.61,33.75198332,74.25077264
20170521,1.44,52.67,25.04,14.84,10.2,2.53,2.22,33.75198332,74.25077264
20170522,2.4,60.77,22.33,13.99,8.35,1.55,1.42,33.75198332,74.25077264
20170523,0.01,53.99,26.22,11.86,14.36,2.86,2.44,33.75198332,74.25077264
20170524,0.35,51.37,27.22,14.98,12.24,2.26,1.82,33.75198332,74.25077264
20170525,0.02,44.46,29.61,15.85,13.76,3.44,3.27,33.75198332,74.25077264
20170526,0.32,35.76,30.13,15.57,14.56,3.31,3.74,33.75198332,74.25077264
20170527,0.0,27.54,30.45,15.96,14.49,1.88,1.38,33.75198332,74.25077264
20170528,0.65,25.64,30.62,17.24,13.38,3.72,3.78,33.75198332,74.25077264
20170529,0.5,30.88,29.51,14.66,14.86,3.96,4.15,33.75198332,74.25077264
20170530,0.58,26.48,28.98,15.74,13.24,3.89,3.35,33.75198332,74.25077264
20170531,7.82,42.46,25.6,16.29,9.31,4.99,5.22,33.75198332,74.25077264
20170601,0.13,43.8,26.39,12.15,14.24,3.2,3.36,33.75198332,74.25077264
20170602,0.0,33.37,29.74,12.47,17.27,3.65,3.48,33.75198332,74.25077264
20170603,0.0,29.48,33.39,14.36,19.04,1.8,2.32,33.75198332,74.25077264
20170604,0.0,25.13,35.52,18.06,17.46,4.77,5.01,33.75198332,74.25077264
20170605,6.7,30.56,32.9,18.98,13.91,2.36,2.43,33.75198332,74.25077264
20170606,12.71,47.19,30.65,16.67,13.98,3.83,5.06,33.75198332,74.25077264
20170607,4.93,58.04,26.57,16.86,9.71,2.7,2.38,33.75198332,74.25077264
20170608,2.57,49.83,28.47,14.23,14.23,3.87,3.56,33.75198332,74.25077264
20170609,5.44,55.16,24.32,15.26,9.06,2.58,2.49,33.75198332,74.25077264
20170610,3.26,57.31,25.43,15.81,9.62,3.62,3.53,33.75198332,74.25077264
20170611,3.8,50.25,26.03,15.31,10.73,3.89,3.99,33.75198332,74.25077264
20170612,0.23,49.03,27.91,13.34,14.57,3.98,4.14,33.75198332,74.25077264
20170613,0.51,51.13,26.02,16.54,9.48,2.7,2.85,33.75198332,74.25077264
20170614,0.76,47.69,28.25,14.89,13.36,4.25,4.5,33.75198332,74.25077264
20170615,1.51,47.71,29.19,16.15,13.04,2.95,2.71,33.75198332,74.25077264
20170616,0.08,43.74,30.52,16.21,14.32,4.44,4.23,33.75198332,74.25077264
20170617,0.19,44.21,30.3,18.63,11.67,4.59,4.75,33.75198332,74.25077264
20170618,2.39,45.88,31.16,18.07,13.09,4.92,5.08,33.75198332,74.25077264
20170619,4.61,50.5,30.12,18.8,11.32,4.41,4.19,33.75198332,74.25077264
20170620,5.57,56.12,27.82,17.89,9.93,4.08,3.62,33.75198332,74.25077264
20170621,23.78,77.33,20.68,15.25,5.43,3.53,3.79,33.75198332,74.25077264
20170622,0.13,55.85,25.98,13.98,12.0,3.92,3.66,33.75198332,74.25077264
20170623,0.0,52.82,29.41,13.86,15.55,5.04,4.62,33.75198332,74.25077264
20170624,0.05,56.2,29.92,16.76,13.16,4.25,3.78,33.75198332,74.25077264
20170625,9.51,65.25,28.14,18.26,9.88,3.93,3.73,33.75198332,74.25077264
20170626,4.1,65.61,28.32,18.81,9.51,3.28,2.96,33.75198332,74.25077264
20170627,0.84,62.33,28.47,18.91,9.56,4.27,3.99,33.75198332,74.25077264
20170628,4.15,68.24,27.53,18.21,9.32,4.78,4.5,33.75198332,74.25077264
20170629,16.94,71.72,25.84,16.85,8.99,4.46,4.33,33.75198332,74.25077264
20170630,4.93,74.28,25.23,16.23,9.0,4.15,3.9,33.75198332,74.25077264
20170701,0.63,67.86,27.8,16.72,11.08,4.39,4.24,33.75198332,74.25077264
20170702,0.36,62.59,29.27,17.87,11.39,4.08,3.89,33.75198332,74.25077264
20170703,1.0,59.23,28.5,17.9,10.6,3.46,2.84,33.75198332,74.25077264
20170704,0.78,55.43,29.72,17.78,11.94,4.18,3.95,33.75198332,74.25077264
20170705,3.69,58.59,28.75,18.96,9.79,5.27,5.36,33.75198332,74.25077264
20170706,0.42,59.45,27.45,17.49,9.96,3.2,2.84,33.75198332,74.25077264
20170707,0.09,62.64,28.02,18.18,9.84,4.47,4.27,33.75198332,74.25077264
20170708,0.13,61.56,29.47,17.78,11.69,4.4,4.0,33.75198332,74.25077264
20170709,0.39,63.99,28.91,18.8,10.12,5.41,5.52,33.75198332,74.25077264
20170710,3.37,68.08,28.64,19.27,9.37,4.6,4.12,33.75198332,74.25077264
20170711,16.04,75.91,27.25,18.96,8.28,4.81,4.39,33.75198332,74.25077264
20170712,25.87,85.86,24.03,18.08,5.95,5.26,4.73,33.75198332,74.25077264
20170713,5.4,77.1,25.37,17.39,7.98,3.86,3.42,33.75198332,74.25077264
20170714,0.68,72.03,27.75,17.19,10.56,3.9,3.36,33.75198332,74.25077264
20170715,1.29,71.58,28.25,18.47,9.78,4.28,3.75,33.75198332,74.25077264
20170716,6.19,72.97,28.13,18.22,9.91,4.17,3.81,33.75198332,74.25077264
20170717,6.49,74.23,27.82,18.71,9.11,3.99,3.59,33.75198332,74.25077264
20170718,10.1,76.88,26.95,18.36,8.59,3.87,3.33,33.75198332,74.25077264
20170719,4.19,75.17,26.5,18.48,8.02,3.67,3.26,33.75198332,74.25077264
20170720,3.48,73.73,27.44,18.18,9.25,4.71,4.61,33.75198332,74.25077264
20170721,2.08,74.83,27.24,17.57,9.67,3.92,3.47,33.75198332,74.25077264
20170722,4.39,76.21,26.78,18.38,8.39,3.77,3.16,33.75198332,74.25077264
20170723,3.81,75.32,26.66,17.92,8.73,4.47,4.16,33.75198332,74.25077264
20170724,1.09,70.55,27.51,18.11,9.4,4.74,4.52,33.75198332,74.25077264
20170725,3.77,72.77,27.36,17.54,9.83,4.18,3.72,33.75198332,74.25077264
20170726,0.82,74.53,27.0,17.55,9.45,4.51,4.01,33.75198332,74.25077264
20170727,4.42,78.06,26.81,17.95,8.86,4.33,3.75,33.75198332,74.25077264
20170728,3.08,78.43,27.56,18.54,9.02,4.63,4.14,33.75198332,74.25077264
20170729,9.02,84.2,25.18,19.01,6.17,4.92,4.23,33.75198332,74.25077264
20170730,7.39,82.8,26.91,18.56,8.36,4.71,3.85,33.75198332,74.25077264
20170731,7.64,83.39,26.66,18.7,7.96,4.56,3.74,33.75198332,74.25077264
20170801,15.62,82.81,27.41,18.29,9.13,4.6,3.92,33.75198332,74.25077264
20170802,16.03,84.91,26.05,18.43,7.62,5.38,4.89,33.75198332,74.25077264
20170803,2.17,78.24,27.2,18.23,8.97,4.48,3.7,33.75198332,74.25077264
20170804,0.24,70.68,27.9,17.95,9.95,4.22,3.81,33.75198332,74.25077264
20170805,1.27,69.66,27.84,18.3,9.54,4.23,3.83,33.75198332,74.25077264
20170806,1.21,74.07,27.64,19.11,8.53,4.36,4.03,33.75198332,74.25077264
20170807,2.46,76.46,27.8,19.2,8.59,5.12,4.98,33.75198332,74.25077264
20170808,2.39,78.07,27.06,18.56,8.49,5.35,5.12,33.75198332,74.25077264
20170809,7.67,76.46,27.36,18.52,8.84,4.62,4.32,33.75198332,74.25077264
20170810,3.34,75.02,27.29,18.41,8.88,5.07,5.0,33.75198332,74.25077264
20170811,2.16,74.49,27.6,18.29,9.31,4.4,4.06,33.75198332,74.25077264
20170812,0.06,67.05,28.11,17.99,10.12,4.77,4.57,33.75198332,74.25077264
20170813,5.33,67.65,27.31,16.68,10.63,4.06,3.83,33.75198332,74.25077264
20170814,6.52,76.06,25.1,16.08,9.03,3.83,3.63,33.75198332,74.25077264
20170815,0.03,64.97,26.42,15.52,10.9,3.88,3.67,33.75198332,74.25077264
20170816,0.8,62.94,27.07,16.37,10.7,3.66,3.16,33.75198332,74.25077264
20170817,0.11,61.06,28.05,15.93,12.12,4.35,3.94,33.75198332,74.25077264
20170818,0.0,61.3,28.85,16.05,12.81,4.13,3.65,33.75198332,74.25077264
20170819,4.71,67.53,27.94,16.93,11.01,4.35,4.03,33.75198332,74.25077264
20170820,3.84,69.63,26.79,16.62,10.17,3.64,3.04,33.75198332,74.25077264
20170821,1.4,69.45,26.93,16.59,10.34,3.95,4.02,33.75198332,74.25077264
20170822,0.41,66.05,27.62,16.13,11.49,4.67,4.2,33.75198332,74.25077264
20170823,1.11,67.43,27.75,16.75,11.0,4.33,3.73,33.75198332,74.25077264
20170824,11.88,75.58,25.68,17.29,8.39,4.86,4.89,33.75198332,74.25077264
20170825,13.0,77.5,24.22,16.54,7.69,3.57,3.63,33.75198332,74.25077264
20170826,1.78,66.97,25.24,14.67,10.56,3.78,3.56,33.75198332,74.25077264
20170827,0.1,63.86,26.39,15.0,11.39,3.84,3.46,33.75198332,74.25077264
20170828,1.63,65.45,26.41,15.6,10.81,3.43,3.05,33.75198332,74.25077264
20170829,4.11,68.65,25.93,16.3,9.63,3.56,3.14,33.75198332,74.25077264
20170830,4.66,72.24,24.95,16.67,8.28,1.83,1.31,33.75198332,74.25077264
20170831,9.12,73.98,25.6,17.73,7.87,3.67,3.6,33.75198332,74.25077264
20170901,6.46,78.99,24.56,16.71,7.85,3.96,3.65,33.75198332,74.25077264
20170902,5.05,81.52,21.96,16.3,5.67,3.1,3.2,33.75198332,74.25077264
20170903,2.01,72.56,24.74,14.67,10.07,4.47,4.09,33.75198332,74.25077264
20170904,0.48,73.02,25.01,15.01,10.0,3.56,3.01,33.75198332,74.25077264
20170905,0.39,73.48,25.46,15.61,9.85,4.4,4.1,33.75198332,74.25077264
20170906,2.01,76.09,24.09,15.31,8.79,4.07,4.12,33.75198332,74.25077264
20170907,1.24,71.44,24.02,13.95,10.07,3.25,3.17,33.75198332,74.25077264
20170908,0.02,67.81,26.29,14.15,12.14,4.53,4.45,33.75198332,74.25077264
20170909,0.0,69.49,26.74,15.33,11.42,4.07,3.63,33.75198332,74.25077264
20170910,2.56,70.43,25.73,16.2,9.53,4.49,4.39,33.75198332,74.25077264
20170911,12.16,73.85,22.87,13.62,9.25,3.96,3.84,33.75198332,74.25077264
20170912,0.52,65.11,25.11,13.49,11.62,3.57,3.55,33.75198332,74.25077264
20170913,0.07,63.21,24.95,12.81,12.14,2.87,2.27,33.75198332,74.25077264
20170914,0.82,63.13,23.84,13.06,10.79,3.64,3.36,33.75198332,74.25077264
20170915,0.1,57.04,25.34,12.3,13.03,3.38,3.01,33.75198332,74.25077264
20170916,0.0,51.73,26.16,13.41,12.75,4.0,3.76,33.75198332,74.25077264
20170917,0.0,47.46,26.16,13.25,12.91,3.6,3.38,33.75198332,74.25077264
20170918,0.0,42.93,27.72,12.49,15.24,3.73,4.27,33.75198332,74.25077264
20170919,0.0,43.63,27.68,12.61,15.07,4.36,3.95,33.75198332,74.25077264
20170920,0.0,48.87,26.79,13.34,13.45,4.23,3.83,33.75198332,74.25077264
20170921,0.3,51.92,26.14,14.54,11.6,3.98,3.79,33.75198332,74.25077264
20170922,0.55,52.74,25.51,14.31,11.2,3.45,3.38,33.75198332,74.25077264
20170923,0.03,48.51,25.79,14.21,11.58,4.95,4.98,33.75198332,74.25077264
20170924,0.0,53.73,25.29,12.66,12.63,4.58,4.52,33.75198332,74.25077264
20170925,0.02,53.7,25.5,12.27,13.22,3.81,3.54,33.75198332,74.25077264
20170926,0.02,50.69,26.4,12.13,14.28,3.66,3.51,33.75198332,74.25077264
20170927,0.26,47.77,26.39,12.85,13.55,4.54,4.44,33.75198332,74.25077264
20170928,0.0,45.91,27.18,12.61,14.57,4.24,4.05,33.75198332,74.25077264
20170929,0.0,45.4,26.46,11.38,15.08,4.03,4.13,33.75198332,74.25077264
20170930,0.0,43.75,27.09,10.98,16.11,4.27,4.41,33.75198332,74.25077264
20171001,0.0,42.72,26.71,11.74,14.97,4.49,4.22,33.75198332,74.25077264
20171002,0.0,43.07,26.52,13.48,13.04,3.95,3.71,33.75198332,74.25077264
20171003,0.0,37.26,27.11,10.63,16.48,4.29,3.93,33.75198332,74.25077264
20171004,0.0,40.24,26.06,10.24,15.82,4.74,4.42,33.75198332,74.25077264
20171005,0.0,45.06,25.39,11.0,14.39,4.41,4.06,33.75198332,74.25077264
20171006,0.0,44.27,26.35,11.72,14.63,4.05,4.05,33.75198332,74.25077264
20171007,0.0,47.02,25.64,11.39,14.25,4.42,4.56,33.75198332,74.25077264
20171008,0.0,48.16,25.41,12.28,13.12,4.29,4.22,33.75198332,74.25077264
20171009,0.0,46.78,25.56,11.62,13.94,4.69,4.73,33.75198332,74.25077264
20171010,0.0,47.9,24.16,12.39,11.77,3.7,3.47,33.75198332,74.25077264
20171011,0.0,47.86,25.11,10.93,14.18,4.61,4.89,33.75198332,74.25077264
20171012,0.0,45.36,25.11,10.34,14.77,4.62,4.47,33.75198332,74.25077264
20171013,0.0,42.22,23.99,10.6,13.39,4.47,4.76,33.75198332,74.25077264
20171014,0.0,36.96,24.18,8.94,15.24,4.53,4.39,33.75198332,74.25077264
20171015,0.0,37.7,23.69,7.98,15.71,4.66,4.72,33.75198332,74.25077264
20171016,0.0,35.83,24.58,8.7,15.87,3.72,3.69,33.75198332,74.25077264
20171017,0.0,27.37,25.71,8.71,17.0,3.6,3.18,33.75198332,74.25077264
20171018,0.0,23.48,26.09,8.22,17.87,3.97,3.8,33.75198332,74.25077264
20171019,0.0,25.49,24.59,9.8,14.79,3.78,3.73,33.75198332,74.25077264
20171020,0.0,29.65,23.89,9.04,14.85,3.03,2.82,33.75198332,74.25077264
20171021,0.0,29.61,24.48,8.35,16.13,4.2,4.12,33.75198332,74.25077264
20171022,0.93,36.9,20.59,9.77,10.82,3.3,3.13,33.75198332,74.25077264
20171023,0.47,42.6,20.22,6.52,13.7,2.81,2.83,33.75198332,74.25077264
20171024,0.0,34.68,22.0,7.53,14.47,3.77,3.68,33.75198332,74.25077264
20171025,0.0,19.32,24.37,7.31,17.06,3.95,3.95,33.75198332,74.25077264
20171026,0.0,20.97,21.63,6.15,15.47,3.86,3.53,33.75198332,74.25077264
20171027,0.0,27.33,20.92,5.7,15.21,3.32,3.12,33.75198332,74.25077264
20171028,0.0,27.22,21.09,5.85,15.23,4.2,4.01,33.75198332,74.25077264
20171029,0.0,32.76,20.47,7.1,13.38,3.89,3.63,33.75198332,74.25077264
20171030,0.0,34.59,21.41,6.59,14.82,3.36,2.96,33.75198332,74.25077264
20171031,0.0,37.49,20.82,6.52,14.3,3.54,3.18,33.75198332,74.25077264
20171101,0.0,38.9,20.62,6.47,14.15,3.47,2.83,33.75198332,74.25077264
20171102,0.0,36.34,21.13,7.05,14.07,3.69,3.28,33.75198332,74.25077264
20171103,0.0,33.08,21.85,7.25,14.6,4.2,3.76,33.75198332,74.25077264
20171104,0.0,32.64,21.69,6.81,14.88,3.96,3.84,33.75198332,74.25077264
20171105,0.0,29.55,23.27,7.12,16.15,4.32,4.34,33.75198332,74.25077264
20171106,0.0,32.48,22.24,7.66,14.57,4.13,4.09,33.75198332,74.25077264
20171107,0.0,33.91,20.95,7.49,13.46,4.64,4.39,33.75198332,74.25077264
20171108,0.0,36.57,19.46,5.61,13.86,3.76,3.74,33.75198332,74.25077264
20171109,0.0,34.96,19.64,5.65,13.98,4.24,4.22,33.75198332,74.25077264
20171110,0.0,34.18,18.67,5.26,13.41,2.89,2.71,33.75198332,74.25077264
20171111,0.0,30.96,19.61,5.84,13.77,4.33,4.14,33.75198332,74.25077264
20171112,0.0,29.88,17.95,4.47,13.48,3.61,3.3,33.75198332,74.25077264
20171113,0.0,26.08,17.77,4.45,13.32,3.78,3.76,33.75198332,74.25077264
20171114,1.36,45.59,14.02,4.98,9.04,4.18,4.41,33.75198332,74.25077264
20171115,6.08,72.22,12.21,3.35,8.86,5.06,5.65,33.75198332,74.25077264
20171116,1.91,66.77,11.73,2.95,8.77,3.14,3.43,33.75198332,74.25077264
20171117,1.88,66.76,11.59,3.41,8.18,4.61,5.13,33.75198332,74.25077264
20171118,2.58,61.34,12.27,0.73,11.53,3.73,4.06,33.75198332,74.25077264
20171119,0.82,53.3,12.9,1.61,11.3,2.3,3.15,33.75198332,74.25077264
20171120,0.0,44.34,14.35,1.03,13.32,2.22,3.39,33.75198332,74.25077264
20171121,0.0,37.89,15.55,0.49,15.06,2.85,4.22,33.75198332,74.25077264
20171122,0.0,28.04,15.92,0.68,15.24,2.77,4.03,33.75198332,74.25077264
20171123,0.0,24.02,15.44,0.33,15.11,3.24,4.91,33.75198332,74.25077264
20171124,0.0,24.21,17.68,1.82,15.86,3.59,3.89,33.75198332,74.25077264
20171125,0.0,34.44,17.88,4.06,13.82,4.01,3.97,33.75198332,74.25077264
20171126,0.0,41.41,16.43,3.68,12.74,2.81,2.77,33.75198332,74.25077264
20171127,0.0,34.32,15.76,1.94,13.82,3.62,3.75,33.75198332,74.25077264
20171128,0.0,35.79,15.38,1.91,13.47,3.64,3.46,33.75198332,74.25077264
20171129,0.0,38.77,14.72,1.81,12.91,3.51,3.39,33.75198332,74.25077264
20171130,0.0,34.49,15.89,1.63,14.26,3.13,3.57,33.75198332,74.25077264
20171201,0.0,30.96,15.79,2.05,13.74,2.46,2.53,33.75198332,74.25077264
20171202,0.0,31.27,15.55,4.33,11.22,2.97,2.73,33.75198332,74.25077264
20171203,0.0,37.62,13.85,2.9,10.95,3.78,3.66,33.75198332,74.25077264
20171204,0.0,39.03,13.28,1.7,11.58,4.53,4.48,33.75198332,74.25077264
20171205,0.0,34.35,12.46,1.48,10.98,3.53,3.4,33.75198332,74.25077264
20171206,0.01,34.97,13.66,1.75,11.91,3.79,3.84,33.75198332,74.25077264
20171207,0.0,43.05,16.69,1.5,15.19,2.11,3.28,33.75198332,74.25077264
20171208,0.0,21.33,19.3,1.57,17.72,2.63,4.18,33.75198332,74.25077264
20171209,0.0,25.2,14.09,6.05,8.04,1.64,2.1,33.75198332,74.25077264
20171210,0.0,33.41,14.88,4.33,10.56,3.25,3.14,33.75198332,74.25077264
20171211,21.56,70.07,8.18,2.77,5.41,4.57,4.79,33.75198332,74.25077264
20171212,15.36,93.43,4.27,-0.38,4.65,4.38,5.27,33.75198332,74.25077264
20171213,2.23,82.34,3.01,-4.97,7.98,1.8,2.13,33.75198332,74.25077264
20171214,0.35,66.69,6.33,-5.25,11.57,3.2,3.73,33.75198332,74.25077264
20171215,0.0,62.32,7.59,-4.86,12.45,4.28,5.17,33.75198332,74.25077264
20171216,0.0,47.52,10.04,-4.75,14.79,3.41,5.04,33.75198332,74.25077264
20171217,0.0,40.56,12.19,-3.59,15.77,3.69,5.44,33.75198332,74.25077264
20171218,0.0,39.76,15.44,-0.61,16.05,4.11,5.89,33.75198332,74.25077264
20171219,0.03,39.72,15.66,1.64,14.02,3.52,5.35,33.75198332,74.25077264
20171220,0.74,59.93,14.38,2.64,11.73,3.62,3.89,33.75198332,74.25077264
20171221,1.67,66.22,10.75,1.11,9.64,2.17,3.32,33.75198332,74.25077264
20171222,0.01,47.15,13.43,-0.51,13.94,3.05,4.09,33.75198332,74.25077264
20171223,0.0,38.2,11.1,-0.03,11.12,3.45,5.55,33.75198332,74.25077264
20171224,0.0,39.22,12.74,2.13,10.61,1.67,1.72,33.75198332,74.25077264
20171225,0.0,38.33,14.58,-1.44,16.02,3.92,4.92,33.75198332,74.25077264
20171226,0.0,39.33,14.38,3.59,10.79,2.04,2.74,33.75198332,74.25077264
20171227,0.0,44.91,13.86,4.91,8.96,3.71,3.57,33.75198332,74.25077264
20171228,0.0,40.19,12.88,2.78,10.1,1.39,1.89,33.75198332,74.25077264
20171229,0.0,36.44,13.43,-0.64,14.06,3.03,3.99,33.75198332,74.25077264
20171230,0.0,35.68,13.72,-0.02,13.73,2.07,2.91,33.75198332,74.25077264
20171231,0.0,39.85,11.97,0.85,11.12,2.31,3.22,33.75198332,74.25077264
20180101,0.0,38.91,12.41,-0.58,12.99,3.43,3.71,33.75198332,74.25077264
20180102,0.0,34.31,11.94,-1.61,13.55,2.44,3.0,33.75198332,74.25077264
20180103,0.0,32.87,11.27,0.71,10.56,3.44,3.13,33.75198332,74.25077264
20180104,0.23,44.63,8.64,-1.01,9.65,4.29,4.54,33.75198332,74.25077264
20180105,0.06,62.67,7.02,-1.58,8.6,4.39,4.45,33.75198332,74.25077264
20180106,0.0,48.27,9.08,-3.53,12.62,2.07,2.84,33.75198332,74.25077264
20180107,0.0,34.87,11.31,-3.04,14.36,2.73,3.78,33.75198332,74.25077264
20180108,0.0,31.56,11.45,-1.67,13.12,3.26,3.16,33.75198332,74.25077264
20180109,0.0,29.64,12.97,-0.78,13.74,2.73,2.4,33.75198332,74.25077264
20180110,0.0,27.7,13.75,0.76,12.99,2.64,2.36,33.75198332,74.25077264
20180111,0.0,29.12,12.14,3.04,9.1,2.18,2.78,33.75198332,74.25077264
20180112,0.0,27.63,14.6,2.62,11.98,2.93,2.94,33.75198332,74.25077264
20180113,0.0,29.24,13.5,1.34,12.16,2.71,2.67,33.75198332,74.25077264
20180114,0.0,31.29,12.66,1.75,10.91,4.23,4.04,33.75198332,74.25077264
20180115,0.0,25.5,15.07,-2.36,17.43,3.46,4.86,33.75198332,74.25077264
20180116,0.0,23.53,14.76,1.14,13.62,3.04,2.8,33.75198332,74.25077264
20180117,0.76,40.65,9.83,0.31,9.52,5.26,5.12,33.75198332,74.25077264
20180118,0.03,40.69,12.89,-0.42,13.31,2.14,3.26,33.75198332,74.25077264
20180119,0.0,31.38,14.02,0.76,13.27,2.88,2.59,33.75198332,74.25077264
20180120,0.0,25.38,17.82,-1.11,18.93,3.86,5.43,33.75198332,74.25077264
20180121,0.0,26.2,16.93,0.71,16.21,3.15,3.41,33.75198332,74.25077264
20180122,0.0,28.97,13.36,2.4,10.96,4.04,3.87,33.75198332,74.25077264
20180123,0.65,49.53,8.3,-0.38,8.68,3.07,3.04,33.75198332,74.25077264
20180124,0.06,43.13,10.31,-1.65,11.96,3.26,3.19,33.75198332,74.25077264
20180125,0.0,37.6,10.53,-0.6,11.13,3.96,3.67,33.75198332,74.25077264
20180126,0.0,41.57,9.96,-0.83,10.8,4.67,4.57,33.75198332,74.25077264
20180127,0.0,37.79,10.0,-1.68,11.68,4.55,4.46,33.75198332,74.25077264
20180128,0.0,33.83,11.37,0.17,11.21,3.8,3.59,33.75198332,74.25077264
20180129,0.44,49.33,11.18,0.39,10.78,4.65,4.81,33.75198332,74.25077264
20180130,2.15,62.25,12.39,2.22,10.17,3.99,3.94,33.75198332,74.25077264
20180131,3.28,60.53,10.82,2.4,8.42,3.14,2.93,33.75198332,74.25077264
20180201,1.27,60.44,11.13,1.1,10.03,3.09,3.17,33.75198332,74.25077264
20180202,0.0,49.24,11.62,0.26,11.35,4.42,4.56,33.75198332,74.25077264
20180203,0.0,41.97,11.0,-0.06,11.06,4.39,4.34,33.75198332,74.25077264
20180204,0.0,31.69,12.59,-1.41,14.0,2.81,3.19,33.75198332,74.25077264
20180205,0.0,26.32,12.15,-0.47,12.62,3.62,3.49,33.75198332,74.25077264
20180206,0.0,25.14,11.38,-1.36,12.74,2.29,1.73,33.75198332,74.25077264
20180207,0.0,24.99,10.93,1.23,9.7,3.79,3.58,33.75198332,74.25077264
20180208,0.0,27.07,10.96,0.02,10.94,3.22,2.96,33.75198332,74.25077264
20180209,0.0,29.27,11.5,-0.39,11.89,2.77,2.51,33.75198332,74.25077264
20180210,0.0,45.28,7.2,1.72,5.48,2.25,3.56,33.75198332,74.25077264
20180211,3.61,53.72,11.0,0.28,10.72,3.88,4.75,33.75198332,74.25077264
20180212,28.42,90.28,2.63,0.64,1.99,2.51,3.06,33.75198332,74.25077264
20180213,5.47,81.12,6.21,-1.04,7.24,3.51,4.7,33.75198332,74.25077264
20180214,0.0,55.16,10.32,-3.28,13.6,2.85,4.33,33.75198332,74.25077264
20180215,0.0,66.53,12.59,1.33,11.26,2.24,3.88,33.75198332,74.25077264
20180216,0.0,62.32,13.34,2.11,11.22,3.79,3.83,33.75198332,74.25077264
20180217,0.0,40.05,14.46,2.83,11.64,2.73,2.51,33.75198332,74.25077264
20180218,0.0,30.21,14.43,-1.25,15.68,4.12,4.32,33.75198332,74.25077264
20180219,0.0,31.16,16.88,0.25,16.63,2.88,3.17,33.75198332,74.25077264
20180220,1.03,41.92,18.09,3.62,14.47,2.79,2.99,33.75198332,74.25077264
20180221,3.88,62.01,14.75,3.79,10.95,3.4,3.57,33.75198332,74.25077264
20180222,0.0,50.16,14.52,2.48,12.04,3.03,3.98,33.75198332,74.25077264
20180223,0.14,45.23,16.93,1.52,15.41,3.49,4.39,33.75198332,74.25077264
20180224,14.38,76.04,10.68,4.33,6.35,3.47,3.7,33.75198332,74.25077264
20180225,1.43,64.2,14.21,2.98,11.23,2.35,2.41,33.75198332,74.25077264
20180226,0.0,51.49,18.14,3.59,14.55,2.46,3.94,33.75198332,74.25077264
20180227,0.0,65.19,16.09,6.34,9.75,3.61,3.64,33.75198332,74.25077264
20180228,0.0,57.83,17.65,5.87,11.78,4.47,4.63,33.75198332,74.25077264
20180301,9.69,73.06,14.37,6.23,8.14,2.54,2.29,33.75198332,74.25077264
20180302,8.75,76.74,12.86,5.49,7.37,4.92,5.06,33.75198332,74.25077264
20180303,9.06,82.14,10.17,4.22,5.95,2.17,2.18,33.75198332,74.25077264
20180304,0.23,65.22,13.64,1.86,11.78,3.2,3.0,33.75198332,74.25077264
20180305,0.29,61.22,13.93,2.9,11.03,2.97,2.9,33.75198332,74.25077264
20180306,0.01,45.86,17.56,0.97,16.59,3.38,4.18,33.75198332,74.25077264
20180307,0.0,39.38,17.93,2.96,14.97,3.69,3.47,33.75198332,74.25077264
20180308,0.01,45.57,17.57,4.68,12.89,3.74,3.49,33.75198332,74.25077264
20180309,0.06,58.87,15.27,5.03,10.24,3.44,3.39,33.75198332,74.25077264
20180310,0.0,50.8,19.0,3.34,15.66,2.93,3.32,33.75198332,74.25077264
20180311,0.0,46.84,19.99,3.77,16.23,5.1,5.34,33.75198332,74.25077264
20180312,0.06,56.36,18.69,5.16,13.53,3.99,4.2,33.75198332,74.25077264
20180313,4.49,57.32,18.41,8.0,10.41,3.13,3.29,33.75198332,74.25077264
20180314,8.49,57.19,17.2,6.66,10.53,8.15,9.25,33.75198332,74.25077264
20180315,7.36,62.36,14.67,5.1,9.57,4.03,4.18,33.75198332,74.25077264
20180316,0.09,50.33,15.86,2.37,13.49,2.91,2.85,33.75198332,74.25077264
20180317,0.0,40.45,18.16,2.04,16.11,2.77,3.51,33.75198332,74.25077264
20180318,0.0,37.49,20.02,3.36,16.66,4.24,4.38,33.75198332,74.25077264
20180319,0.0,43.51,19.9,5.97,13.93,3.36,2.93,33.75198332,74.25077264
20180320,0.34,48.45,18.82,5.6,13.22,2.46,2.99,33.75198332,74.25077264
20180321,3.6,70.06,15.35,5.8,9.55,3.93,4.13,33.75198332,74.25077264
20180322,1.17,63.42,16.73,4.7,12.02,2.62,2.07,33.75198332,74.25077264
20180323,0.11,54.77,18.69,4.82,13.87,3.61,3.44,33.75198332,74.25077264
20180324,0.01,48.23,19.71,4.86,14.85,2.38,3.31,33.75198332,74.25077264
20180325,0.0,28.03,24.45,5.41,19.04,2.23,3.06,33.75198332,74.25077264
20180326,0.0,27.83,25.01,5.12,19.89,3.54,5.06,33.75198332,74.25077264
20180327,0.0,35.13,22.01,8.88,13.13,3.76,3.68,33.75198332,74.25077264
20180328,0.0,37.78,22.29,7.65,14.64,2.86,3.02,33.75198332,74.25077264
20180329,0.0,31.16,23.73,7.33,16.4,3.74,3.48,33.75198332,74.25077264
20180330,0.0,21.12,26.48,8.31,18.17,4.86,5.22,33.75198332,74.25077264
20180331,0.0,22.33,27.03,7.11,19.92,4.41,6.64,33.75198332,74.25077264
20180401,0.0,30.05,24.59,9.64,14.95,4.59,4.04,33.75198332,74.25077264
20180402,0.67,38.14,23.71,9.73,13.98,4.71,4.47,33.75198332,74.25077264
20180403,7.09,48.2,22.11,9.53,12.58,3.96,3.9,33.75198332,74.25077264
20180404,0.02,48.91,23.99,8.77,15.22,3.15,3.68,33.75198332,74.25077264
20180405,0.08,53.81,23.04,9.76,13.28,3.23,2.76,33.75198332,74.25077264
20180406,2.69,62.8,19.43,10.35,9.08,2.22,3.14,33.75198332,74.25077264
20180407,0.11,49.19,23.63,9.28,14.35,3.57,3.45,33.75198332,74.25077264
20180408,4.89,59.77,21.48,10.77,10.71,3.91,3.85,33.75198332,74.25077264
20180409,16.22,70.69,19.62,10.84,8.78,3.55,3.62,33.75198332,74.25077264
20180410,10.49,79.79,16.04,10.7,5.34,4.71,4.87,33.75198332,74.25077264
20180411,16.9,82.57,14.37,7.34,7.02,5.38,5.81,33.75198332,74.25077264
20180412,0.07,55.04,18.15,5.82,12.33,2.17,1.65,33.75198332,74.25077264
20180413,0.0,40.05,21.23,5.86,15.37,3.87,3.67,33.75198332,74.25077264
20180414,0.0,39.23,21.62,6.52,15.1,4.01,4.49,33.75198332,74.25077264
20180415,0.0,45.43,23.06,8.82,14.24,3.55,3.33,33.75198332,74.25077264
20180416,5.99,69.81,16.67,10.47,6.2,3.3,3.39,33.75198332,74.25077264
20180417,6.01,74.41,14.38,8.59,5.8,1.55,2.11,33.75198332,74.25077264
20180418,6.77,56.8,20.1,7.8,12.3,4.83,4.9,33.75198332,74.25077264
20180419,2.33,51.33,19.84,8.36,11.49,5.69,5.99,33.75198332,74.25077264
20180420,33.83,84.61,10.12,3.28,6.84,6.53,7.93,33.75198332,74.25077264
20180421,0.07,60.32,16.96,1.26,15.7,2.37,2.89,33.75198332,74.25077264
20180422,0.0,46.91,20.74,3.72,17.01,2.73,3.82,33.75198332,74.25077264
20180423,0.0,36.64,24.79,6.73,18.06,2.79,3.71,33.75198332,74.25077264
20180424,0.0,35.85,26.73,8.55,18.18,4.01,3.83,33.75198332,74.25077264
20180425,0.05,43.13,25.69,10.89,14.8,2.79,2.47,33.75198332,74.25077264
20180426,0.0,44.41,25.99,10.72,15.27,3.35,3.66,33.75198332,74.25077264
20180427,0.0,39.33,25.88,11.95,13.94,3.02,2.89,33.75198332,74.25077264
20180428,0.0,38.1,26.54,11.69,14.85,2.54,2.41,33.75198332,74.25077264
20180429,0.0,31.74,27.23,11.42,15.81,1.56,1.77,33.75198332,74.25077264
20180430,0.0,27.42,28.22,11.48,16.74,2.8,3.21,33.75198332,74.25077264
20180501,0.0,31.58,26.98,14.38,12.6,2.59,2.66,33.75198332,74.25077264
20180502,1.67,48.54,24.59,12.99,11.6,2.86,3.79,33.75198332,74.25077264
20180503,2.82,53.82,22.48,11.03,11.45,4.66,5.97,33.75198332,74.25077264
20180504,0.86,49.93,23.99,9.34,14.66,3.02,3.57,33.75198332,74.25077264
20180505,1.02,48.57,24.48,12.53,11.95,4.32,4.42,33.75198332,74.25077264
20180506,13.85,63.4,21.93,10.66,11.26,4.61,4.5,33.75198332,74.25077264
20180507,5.84,64.66,19.62,10.32,9.3,5.0,5.18,33.75198332,74.25077264
20180508,1.51,61.53,19.95,9.34,10.61,3.58,3.37,33.75198332,74.25077264
20180509,0.5,53.25,22.45,9.75,12.71,2.72,2.48,33.75198332,74.25077264
20180510,0.04,43.24,27.37,10.47,16.9,3.46,2.96,33.75198332,74.25077264
20180511,0.09,40.58,29.49,12.13,17.35,4.68,4.44,33.75198332,74.25077264
20180512,12.41,52.95,26.25,15.5,10.75,4.17,4.38,33.75198332,74.25077264
20180513,6.85,56.55,24.7,11.7,13.0,3.61,4.49,33.75198332,74.25077264
20180514,3.82,58.55,22.74,11.16,11.58,4.76,5.12,33.75198332,74.25077264
20180515,1.71,58.44,24.08,11.03,13.06,3.94,4.0,33.75198332,74.25077264
20180516,0.74,54.27,24.6,11.5,13.1,4.49,4.71,33.75198332,74.25077264
20180517,0.09,48.11,25.44,12.19,13.25,4.37,4.49,33.75198332,74.25077264
20180518,4.04,52.62,23.34,12.09,11.25,5.69,6.07,33.75198332,74.25077264
20180519,7.11,50.0,23.72,11.5,12.22,4.11,4.11,33.75198332,74.25077264
20180520,0.23,39.63,24.97,9.26,15.72,3.51,3.0,33.75198332,74.25077264
20180521,0.0,31.57,26.61,9.5,17.11,3.98,3.73,33.75198332,74.25077264
20180522,0.0,35.14,26.0,11.7,14.29,4.01,4.02,33.75198332,74.25077264
20180523,0.0,31.36,26.87,10.92,15.95,3.94,4.0,33.75198332,74.25077264
20180524,0.0,28.87,27.2,13.15,14.05,3.31,3.15,33.75198332,74.25077264
20180525,0.0,29.85,28.85,11.96,16.89,3.78,4.16,33.75198332,74.25077264
20180526,0.0,31.86,28.97,12.34,16.63,3.9,3.87,33.75198332,74.25077264
20180527,0.0,33.53,29.17,12.99,16.19,3.31,2.91,33.75198332,74.25077264
20180528,0.98,33.26,29.47,14.26,15.21,4.19,4.11,33.75198332,74.25077264
20180529,0.44,30.51,30.11,14.33,15.77,3.1,3.32,33.75198332,74.25077264
20180530,0.13,28.13,30.76,13.9,16.85,3.87,4.83,33.75198332,74.25077264
20180531,0.0,24.92,31.81,15.0,16.81,3.79,4.28,33.75198332,74.25077264
20180601,0.14,28.05,31.17,16.51,14.66,3.62,3.52,33.75198332,74.25077264
20180602,0.01,28.26,32.66,14.67,17.98,5.05,4.96,33.75198332,74.25077264
20180603,0.0,23.9,33.98,16.42,17.57,4.63,4.64,33.75198332,74.25077264
20180604,0.0,26.72,33.1,17.61,15.49,4.37,4.0,33.75198332,74.25077264
20180605,6.36,38.54,32.34,18.81,13.53,3.97,3.61,33.75198332,74.25077264
20180606,0.2,43.57,31.93,17.42,14.51,5.18,4.87,33.75198332,74.25077264
20180607,0.0,40.75,32.01,17.55,14.47,4.35,4.01,33.75198332,74.25077264
20180608,0.65,38.3,32.37,18.47,13.91,4.77,4.71,33.75198332,74.25077264
20180609,0.92,42.99,30.93,18.45,12.49,4.66,4.45,33.75198332,74.25077264
20180610,0.64,46.19,29.95,17.94,12.01,4.26,3.9,33.75198332,74.25077264
20180611,0.78,40.79,30.0,16.98,13.02,4.7,4.65,33.75198332,74.25077264
20180612,0.06,27.95,32.46,16.98,15.48,4.76,4.4,33.75198332,74.25077264
20180613,0.0,19.16,34.29,16.94,17.35,4.65,4.26,33.75198332,74.25077264
20180614,0.0,19.29,34.79,19.35,15.44,5.92,5.99,33.75198332,74.25077264
20180615,7.34,35.93,32.13,21.36,10.77,6.14,6.52,33.75198332,74.25077264
20180616,9.05,55.54,27.74,18.88,8.86,4.19,4.37,33.75198332,74.25077264
20180617,4.57,67.28,23.9,16.31,7.58,3.84,3.58,33.75198332,74.25077264
20180618,2.45,60.56,25.13,15.06,10.07,3.86,3.57,33.75198332,74.25077264
20180619,0.35,50.4,28.62,14.15,14.47,4.65,4.46,33.75198332,74.25077264
20180620,0.96,49.12,28.72,17.14,11.58,4.36,4.49,33.75198332,74.25077264
20180621,0.55,43.51,29.6,16.63,12.96,3.89,4.0,33.75198332,74.25077264
20180622,0.46,41.22,29.98,15.83,14.16,4.36,4.5,33.75198332,74.25077264
20180623,5.29,50.42,28.1,18.48,9.61,5.11,5.2,33.75198332,74.25077264
20180624,0.63,44.39,30.02,16.83,13.19,5.02,4.96,33.75198332,74.25077264
20180625,0.23,38.83,31.15,16.2,14.95,4.44,4.34,33.75198332,74.25077264
20180626,0.48,40.0,30.39,18.22,12.18,3.88,4.02,33.75198332,74.25077264
20180627,4.6,46.92,29.88,16.41,13.47,4.43,4.55,33.75198332,74.25077264
20180628,12.78,59.9,24.4,16.86,7.54,1.78,2.16,33.75198332,74.25077264
20180629,21.32,70.6,22.84,16.3,6.54,1.78,2.42,33.75198332,74.25077264
20180630,8.88,72.21,26.41,16.4,10.02,1.96,1.83,33.75198332,74.25077264
20180701,0.93,63.2,29.32,18.82,10.5,4.06,3.8,33.75198332,74.25077264
20180702,5.04,64.29,28.79,18.38,10.41,5.01,4.89,33.75198332,74.25077264
20180703,20.62,73.84,24.97,17.36,7.61,4.95,4.77,33.75198332,74.25077264
20180704,8.0,70.43,24.35,15.99,8.36,5.49,5.51,33.75198332,74.25077264
20180705,9.31,66.37,24.01,14.0,10.01,3.06,2.84,33.75198332,74.25077264
20180706,0.04,55.59,27.97,14.43,13.55,3.96,3.71,33.75198332,74.25077264
20180707,0.0,52.18,29.47,15.7,13.77,3.45,3.32,33.75198332,74.25077264
20180708,0.0,55.47,30.32,17.58,12.73,3.5,3.13,33.75198332,74.25077264
20180709,2.55,59.4,30.06,19.85,10.21,4.2,4.11,33.75198332,74.25077264
20180710,5.68,67.88,28.81,20.16,8.64,4.42,4.41,33.75198332,74.25077264
20180711,4.14,71.74,28.07,18.97,9.1,4.87,4.87,33.75198332,74.25077264
20180712,8.62,71.51,28.19,18.88,9.31,4.32,3.8,33.75198332,74.25077264
20180713,18.81,76.06,27.3,18.86,8.43,4.25,4.14,33.75198332,74.25077264
20180714,1.47,72.27,28.96,17.67,11.29,3.62,2.78,33.75198332,74.25077264
20180715,1.15,74.91,28.76,18.86,9.91,4.32,3.95,33.75198332,74.25077264
20180716,4.25,82.12,25.63,18.86,6.77,4.32,3.98,33.75198332,74.25077264
20180717,3.93,78.66,27.21,19.05,8.16,4.81,4.36,33.75198332,74.25077264
20180718,4.83,81.03,25.98,18.26,7.73,3.99,3.42,33.75198332,74.25077264
20180719,4.5,79.82,25.79,18.52,7.27,3.64,2.99,33.75198332,74.25077264
20180720,2.69,79.98,25.82,18.35,7.48,3.98,3.59,33.75198332,74.25077264
20180721,5.28,81.2,25.36,18.22,7.13,5.24,5.24,33.75198332,74.25077264
20180722,10.85,83.36,26.28,19.0,7.28,3.86,3.26,33.75198332,74.25077264
20180723,10.18,84.8,25.53,18.76,6.78,4.15,3.32,33.75198332,74.25077264
20180724,5.03,84.24,25.54,18.94,6.6,3.51,3.04,33.75198332,74.25077264
20180725,12.53,82.52,26.15,18.1,8.05,4.77,4.41,33.75198332,74.25077264
20180726,15.62,84.49,24.91,17.87,7.04,7.39,8.07,33.75198332,74.25077264
20180727,8.58,82.4,24.68,17.49,7.19,4.99,4.58,33.75198332,74.25077264
20180728,0.53,72.66,25.58,15.97,9.61,3.41,2.85,33.75198332,74.25077264
20180729,0.28,71.96,25.12,16.01,9.11,3.75,3.35,33.75198332,74.25077264
20180730,0.01,69.49,26.81,15.98,10.83,3.73,3.44,33.75198332,74.25077264
20180731,1.13,68.17,26.23,16.12,10.11,3.66,3.41,33.75198332,74.25077264
20180801,1.05,68.16,26.36,16.49,9.87,4.89,4.87,33.75198332,74.25077264
20180802,0.12,67.13,27.15,16.14,11.01,4.95,5.02,33.75198332,74.25077264
20180803,0.01,65.97,28.38,16.92,11.45,5.14,5.04,33.75198332,74.25077264
20180804,1.01,68.98,28.49,17.81,10.68,4.46,4.23,33.75198332,74.25077264
20180805,1.13,73.52,28.58,18.72,9.87,4.82,4.23,33.75198332,74.25077264
20180806,18.87,80.23,26.61,18.92,7.68,4.75,4.4,33.75198332,74.25077264
20180807,24.82,85.67,24.89,18.12,6.77,4.59,3.72,33.75198332,74.25077264
20180808,21.58,87.67,23.82,17.58,6.24,3.07,2.64,33.75198332,74.25077264
20180809,5.44,81.54,25.65,17.38,8.26,4.13,3.85,33.75198332,74.25077264
20180810,0.25,80.63,26.46,17.78,8.67,4.57,4.37,33.75198332,74.25077264
20180811,2.33,81.37,26.9,18.06,8.84,4.3,3.97,33.75198332,74.25077264
20180812,4.55,81.73,26.75,18.52,8.22,4.76,4.55,33.75198332,74.25077264
20180813,12.32,82.23,25.25,18.12,7.13,4.12,3.58,33.75198332,74.25077264
20180814,11.47,84.08,24.54,17.76,6.79,4.14,3.94,33.75198332,74.25077264
20180815,1.93,81.19,25.47,17.06,8.41,3.09,2.66,33.75198332,74.25077264
20180816,1.24,81.58,25.54,18.09,7.45,3.81,3.59,33.75198332,74.25077264
20180817,2.33,80.58,26.02,18.4,7.61,3.71,3.43,33.75198332,74.25077264
20180818,2.72,79.56,25.46,17.87,7.6,3.94,3.53,33.75198332,74.25077264
20180819,0.01,75.62,26.88,16.63,10.25,3.62,3.38,33.75198332,74.25077264
20180820,2.53,79.61,26.57,17.52,9.04,4.57,4.52,33.75198332,74.25077264
20180821,15.68,86.6,24.64,18.26,6.38,5.22,5.37,33.75198332,74.25077264
20180822,15.29,82.86,26.3,17.69,8.62,4.65,4.55,33.75198332,74.25077264
20180823,5.43,81.09,26.27,17.31,8.97,4.54,4.39,33.75198332,74.25077264
20180824,5.57,83.02,24.12,17.13,6.99,5.83,6.19,33.75198332,74.25077264
20180825,3.79,75.31,24.94,15.68,9.25,4.52,4.48,33.75198332,74.25077264
20180826,3.99,76.93,24.09,15.79,8.3,3.75,3.75,33.75198332,74.25077264
20180827,0.0,68.67,26.42,14.77,11.65,3.28,2.94,33.75198332,74.25077264
20180828,0.0,69.26,26.87,15.0,11.87,4.02,3.83,33.75198332,74.25077264
20180829,0.08,72.11,26.92,16.96,9.96,3.83,3.66,33.75198332,74.25077264
20180830,0.05,73.71,25.95,17.18,8.77,4.1,3.96,33.75198332,74.25077264
20180831,0.01,69.65,26.62,16.24,10.38,4.07,3.95,33.75198332,74.25077264
20180901,0.35,71.39,26.15,15.58,10.57,3.62,3.34,33.75198332,74.25077264
20180902,1.72,74.0,24.77,16.84,7.93,3.91,3.57,33.75198332,74.25077264
20180903,1.5,75.14,24.77,15.91,8.87,3.72,3.38,33.75198332,74.25077264
20180904,0.23,72.0,25.68,15.93,9.75,3.83,3.49,33.75198332,74.25077264
20180905,0.01,69.81,25.6,16.29,9.31,4.02,3.64,33.75198332,74.25077264
20180906,2.34,64.75,27.13,16.24,10.89,4.3,4.35,33.75198332,74.25077264
20180907,5.19,67.95,25.39,16.08,9.31,3.29,3.19,33.75198332,74.25077264
20180908,0.37,72.39,25.33,16.14,9.19,4.01,3.82,33.75198332,74.25077264
20180909,0.54,71.44,26.39,15.77,10.62,3.87,3.68,33.75198332,74.25077264
20180910,2.05,71.63,26.45,15.93,10.52,3.46,2.97,33.75198332,74.25077264
20180911,1.88,76.34,25.04,16.38,8.66,4.5,4.27,33.75198332,74.25077264
20180912,1.6,70.28,26.96,14.65,12.32,5.51,5.41,33.75198332,74.25077264
20180913,5.61,72.01,24.55,14.41,10.14,4.49,4.44,33.75198332,74.25077264
20180914,3.45,73.42,22.2,13.45,8.75,4.28,4.07,33.75198332,74.25077264
20180915,9.13,78.73,20.7,13.07,7.63,6.61,7.44,33.75198332,74.25077264
20180916,0.07,63.58,23.13,12.19,10.94,3.67,3.62,33.75198332,74.25077264
20180917,0.0,58.37,24.59,10.67,13.92,3.75,3.61,33.75198332,74.25077264
20180918,0.0,55.88,25.68,10.63,15.06,4.17,3.71,33.75198332,74.25077264
20180919,0.0,56.51,25.9,12.34,13.56,3.72,3.38,33.75198332,74.25077264
20180920,0.0,52.91,26.91,11.41,15.5,4.52,4.33,33.75198332,74.25077264
20180921,0.32,59.56,26.07,12.11,13.96,4.24,4.04,33.75198332,74.25077264
20180922,2.81,67.56,25.09,13.75,11.35,4.58,4.19,33.75198332,74.25077264
20180923,6.37,72.14,23.52,12.11,11.42,4.44,4.03,33.75198332,74.25077264
20180924,0.2,69.42,25.13,11.86,13.27,4.43,3.89,33.75198332,74.25077264
20180925,0.0,72.78,23.79,13.73,10.06,3.98,3.81,33.75198332,74.25077264
20180926,0.0,64.54,25.25,13.44,11.81,4.08,3.87,33.75198332,74.25077264
20180927,0.24,59.91,25.25,13.33,11.91,4.22,3.87,33.75198332,74.25077264
20180928,1.9,60.06,24.0,13.78,10.21,3.58,3.43,33.75198332,74.25077264
20180929,0.44,62.44,22.67,12.31,10.36,3.37,3.3,33.75198332,74.25077264
20180930,0.51,58.86,23.01,12.08,10.93,4.03,3.98,33.75198332,74.25077264
20181001,0.26,58.64,22.98,11.36,11.62,3.86,3.82,33.75198332,74.25077264
20181002,0.45,59.0,23.73,12.9,10.84,4.29,4.24,33.75198332,74.25077264
20181003,1.52,64.28,22.02,11.75,10.27,4.84,5.05,33.75198332,74.25077264
20181004,0.55,63.71,20.04,10.42,9.62,2.55,2.4,33.75198332,74.25077264
20181005,0.16,53.91,22.2,7.85,14.35,4.4,4.65,33.75198332,74.25077264
20181006,0.05,51.35,22.18,8.68,13.49,3.56,3.51,33.75198332,74.25077264
20181007,0.05,49.9,22.84,8.88,13.96,4.13,3.97,33.75198332,74.25077264
20181008,0.68,48.67,22.9,8.75,14.15,5.22,5.17,33.75198332,74.25077264
20181009,10.37,54.93,20.88,9.28,11.6,3.07,2.95,33.75198332,74.25077264
20181010,1.6,55.95,20.39,6.81,13.57,4.34,4.45,33.75198332,74.25077264
20181011,0.71,65.38,17.94,8.5,9.44,3.16,3.04,33.75198332,74.25077264
20181012,0.0,54.03,20.54,6.49,14.05,4.28,4.11,33.75198332,74.25077264
20181013,0.0,50.59,20.05,5.91,14.14,4.58,4.46,33.75198332,74.25077264
20181014,0.0,49.0,20.36,7.49,12.87,4.58,4.52,33.75198332,74.25077264
20181015,0.84,53.51,20.38,5.75,14.63,4.16,4.18,33.75198332,74.25077264
20181016,5.63,67.16,18.84,6.74,12.1,4.98,4.72,33.75198332,74.25077264
20181017,0.38,60.54,17.92,8.87,9.05,4.78,5.04,33.75198332,74.25077264
20181018,0.2,54.49,18.61,6.09,12.52,3.41,3.47,33.75198332,74.25077264
20181019,0.02,46.1,19.95,4.38,15.57,3.78,4.68,33.75198332,74.25077264
20181020,0.0,44.4,20.0,5.38,14.62,3.64,3.52,33.75198332,74.25077264
20181021,0.0,45.92,19.73,5.96,13.77,3.58,3.42,33.75198332,74.25077264
20181022,0.0,44.63,19.72,6.12,13.6,4.53,4.46,33.75198332,74.25077264
20181023,0.0,43.89,18.76,5.7,13.06,4.37,4.49,33.75198332,74.25077264
20181024,0.0,43.94,19.24,5.21,14.04,4.16,4.04,33.75198332,74.25077264
20181025,0.0,44.67,19.8,4.63,15.17,4.53,4.4,33.75198332,74.25077264
20181026,0.0,49.09,20.27,5.03,15.25,3.23,2.93,33.75198332,74.25077264
20181027,0.0,50.14,20.68,6.29,14.4,3.63,3.35,33.75198332,74.25077264
20181028,0.0,45.27,22.73,6.26,16.47,3.88,3.71,33.75198332,74.25077264
20181029,0.0,47.49,22.57,8.63,13.94,3.57,3.4,33.75198332,74.25077264
20181030,0.0,54.49,21.34,8.81,12.53,3.94,3.65,33.75198332,74.25077264
20181031,0.01,60.78,19.66,9.56,10.1,4.14,3.94,33.75198332,74.25077264
20181101,9.15,69.95,16.0,7.78,8.22,5.49,6.1,33.75198332,74.25077264
20181102,11.61,78.31,13.63,6.96,6.68,3.58,3.84,33.75198332,74.25077264
20181103,24.08,79.46,10.45,2.91,7.54,5.94,7.2,33.75198332,74.25077264
20181104,0.66,68.36,12.3,1.35,10.95,2.3,2.97,33.75198332,74.25077264
20181105,0.0,54.89,14.74,1.34,13.4,2.39,3.7,33.75198332,74.25077264
20181106,0.0,38.9,18.12,-0.31,18.43,5.13,5.87,33.75198332,74.25077264
20181107,0.0,33.26,19.35,1.25,18.1,3.93,5.99,33.75198332,74.25077264
20181108,0.0,36.65,16.93,4.28,12.65,3.7,3.6,33.75198332,74.25077264
20181109,0.0,43.99,17.33,4.48,12.85,3.68,3.73,33.75198332,74.25077264
20181110,0.0,48.59,16.87,3.74,13.13,4.41,4.3,33.75198332,74.25077264
20181111,0.02,58.49,14.01,5.26,8.75,2.1,2.48,33.75198332,74.25077264
20181112,0.35,69.77,14.08,4.9,9.18,3.33,3.3,33.75198332,74.25077264
20181113,1.81,66.19,14.56,2.72,11.84,2.99,3.24,33.75198332,74.25077264
20181114,7.37,80.34,10.34,4.56,5.78,4.63,5.16,33.75198332,74.25077264
20181115,0.09,63.16,13.32,1.48,11.84,2.55,2.63,33.75198332,74.25077264
20181116,0.0,42.23,15.65,1.37,14.28,1.68,2.14,33.75198332,74.25077264
20181117,0.0,36.4,16.58,1.3,15.28,2.46,3.43,33.75198332,74.25077264
20181118,0.01,43.32,15.2,3.8,11.41,2.29,3.12,33.75198332,74.25077264
20181119,1.11,60.85,14.8,3.44,11.36,2.96,3.62,33.75198332,74.25077264
20181120,0.11,56.93,16.26,3.22,13.04,2.7,2.81,33.75198332,74.25077264
20181121,0.0,43.54,17.56,3.46,14.1,2.53,3.66,33.75198332,74.25077264
20181122,0.0,53.79,12.87,3.78,9.09,3.32,3.28,33.75198332,74.25077264
20181123,0.0,47.93,16.96,2.25,14.71,2.06,3.17,33.75198332,74.25077264
20181124,0.0,36.59,20.38,2.01,18.37,3.73,5.39,33.75198332,74.25077264
20181125,0.0,37.66,19.29,7.12,12.17,3.39,3.24,33.75198332,74.25077264
20181126,0.0,40.15,20.38,4.29,16.09,2.88,4.14,33.75198332,74.25077264
20181127,0.0,43.29,17.98,5.14,12.84,3.87,3.77,33.75198332,74.25077264
20181128,0.0,48.17,16.42,5.03,11.39,4.97,5.05,33.75198332,74.25077264
20181129,0.0,51.1,15.57,3.72,11.85,1.88,2.82,33.75198332,74.25077264
20181130,0.0,38.05,18.04,2.3,15.74,2.73,3.93,33.75198332,74.25077264
20181201,0.0,36.76,17.35,2.72,14.63,3.19,3.23,33.75198332,74.25077264
20181202,0.0,39.5,14.82,3.67,11.15,3.01,2.73,33.75198332,74.25077264
20181203,0.0,39.11,15.33,1.14,14.19,2.89,2.76,33.75198332,74.25077264
20181204,0.0,40.98,15.34,3.39,11.95,2.34,2.25,33.75198332,74.25077264
20181205,0.0,49.98,11.83,3.76,8.08,2.96,2.8,33.75198332,74.25077264
20181206,0.0,56.07,11.73,1.96,9.76,2.11,2.28,33.75198332,74.25077264
20181207,0.0,43.51,13.66,0.32,13.33,3.14,3.69,33.75198332,74.25077264
20181208,0.0,45.88,12.36,3.29,9.08,3.48,3.4,33.75198332,74.25077264
20181209,0.46,55.19,12.14,3.57,8.57,3.52,3.42,33.75198332,74.25077264
20181210,14.25,88.79,4.95,0.74,4.22,1.31,1.57,33.75198332,74.25077264
20181211,1.34,81.4,6.43,0.27,6.16,3.23,3.49,33.75198332,74.25077264
20181212,4.18,81.16,6.35,0.03,6.31,3.28,3.34,33.75198332,74.25077264
20181213,2.43,69.1,7.71,-1.74,9.45,1.83,2.36,33.75198332,74.25077264
20181214,0.0,51.84,9.92,-3.88,13.8,2.28,3.21,33.75198332,74.25077264
20181215,0.0,39.05,12.07,-4.37,16.43,4.57,5.95,33.75198332,74.25077264
20181216,0.0,35.55,13.09,-3.63,16.72,4.17,6.07,33.75198332,74.25077264
20181217,0.0,33.65,13.99,-1.52,15.51,2.52,3.8,33.75198332,74.25077264
20181218,0.0,32.3,14.59,-1.04,15.63,3.11,4.23,33.75198332,74.25077264
20181219,0.0,33.13,12.9,2.11,10.78,4.36,4.38,33.75198332,74.25077264
20181220,0.0,35.92,11.66,1.08,10.58,3.49,3.39,33.75198332,74.25077264
20181221,0.0,34.61,12.94,-1.86,14.81,2.81,4.1,33.75198332,74.25077264
20181222,0.0,33.1,13.03,-0.63,13.66,2.67,2.53,33.75198332,74.25077264
20181223,0.0,41.51,9.57,0.56,9.01,4.53,4.67,33.75198332,74.25077264
20181224,0.0,41.42,10.11,-1.41,11.52,3.27,3.09,33.75198332,74.25077264
20181225,0.0,38.33,10.32,-2.12,12.44,2.58,2.73,33.75198332,74.25077264
20181226,0.0,41.77,6.71,-0.94,7.64,2.81,2.72,33.75198332,74.25077264
20181227,0.0,41.61,8.35,-2.33,10.68,2.91,2.69,33.75198332,74.25077264
20181228,0.0,29.18,11.89,-4.5,16.39,3.95,5.38,33.75198332,74.25077264
20181229,0.0,30.88,12.96,-3.19,16.15,2.8,3.91,33.75198332,74.25077264
20181230,0.0,33.46,13.05,3.37,9.68,3.92,3.83,33.75198332,74.25077264
20181231,0.0,35.06,13.27,0.26,13.01,2.43,3.24,33.75198332,74.25077264
20190101,1.69,50.66,9.57,0.96,8.61,2.26,2.64,33.75198332,74.25077264
20190102,7.23,88.3,5.12,-1.88,6.99,4.57,4.88,33.75198332,74.25077264
20190103,0.01,53.87,9.52,-4.27,13.79,2.77,3.99,33.75198332,74.25077264
20190104,8.57,66.06,4.77,-3.09,7.87,2.23,3.29,33.75198332,74.25077264
20190105,6.93,86.38,4.16,-3.47,7.64,3.55,3.96,33.75198332,74.25077264
20190106,0.23,67.08,5.98,-4.84,10.81,2.57,3.48,33.75198332,74.25077264
20190107,0.0,50.89,7.17,-7.15,14.32,3.35,4.31,33.75198332,74.25077264
20190108,0.46,71.66,4.93,-2.43,7.36,3.25,3.26,33.75198332,74.25077264
20190109,0.01,59.25,9.77,-3.54,13.31,1.77,2.67,33.75198332,74.25077264
20190110,1.92,58.25,8.31,-2.73,11.04,2.85,3.88,33.75198332,74.25077264
20190111,2.52,84.69,5.15,-1.21,6.37,3.56,3.15,33.75198332,74.25077264
20190112,12.58,86.71,4.7,-1.12,5.83,3.25,3.21,33.75198332,74.25077264
20190113,2.04,73.63,3.49,-7.97,11.46,3.41,4.92,33.75198332,74.25077264
20190114,0.0,49.82,7.86,-10.38,18.24,4.42,5.39,33.75198332,74.25077264
20190115,0.03,47.61,10.4,-5.1,15.5,4.23,6.31,33.75198332,74.25077264
20190116,3.97,60.44,9.1,0.78,8.32,3.42,3.9,33.75198332,74.25077264
20190117,0.47,56.75,9.83,-4.32,14.15,3.69,5.34,33.75198332,74.25077264
20190118,3.11,55.77,8.45,-3.47,11.92,3.21,4.83,33.75198332,74.25077264
20190119,5.53,78.34,8.44,-0.63,9.08,2.56,4.06,33.75198332,74.25077264
20190120,12.6,87.0,7.86,1.02,6.84,2.11,2.59,33.75198332,74.25077264
20190121,21.26,92.91,4.24,1.21,3.04,3.38,4.03,33.75198332,74.25077264
20190122,15.3,92.67,2.26,-2.16,4.42,2.7,3.34,33.75198332,74.25077264
20190123,0.71,86.72,3.43,-5.95,9.37,3.21,3.6,33.75198332,74.25077264
20190124,2.38,83.27,3.26,-5.71,8.97,3.67,4.24,33.75198332,74.25077264
20190125,3.41,76.34,3.62,-5.13,8.75,3.84,4.05,33.75198332,74.25077264
20190126,0.69,70.9,3.06,-7.49,10.54,1.96,2.42,33.75198332,74.25077264
20190127,0.09,58.72,4.55,-9.5,14.05,4.07,5.03,33.75198332,74.25077264
20190128,0.0,52.32,5.75,-10.3,16.05,4.42,5.54,33.75198332,74.25077264
20190129,0.0,50.42,8.1,-8.45,16.56,3.82,5.57,33.75198332,74.25077264
20190130,3.37,74.17,5.98,-0.98,6.96,2.07,2.08,33.75198332,74.25077264
20190131,19.74,89.82,3.72,-0.23,3.95,3.15,3.54,33.75198332,74.25077264
20190201,2.4,76.72,5.44,-3.8,9.24,2.18,2.82,33.75198332,74.25077264
20190202,0.16,68.91,7.54,-4.44,11.97,2.77,3.96,33.75198332,74.25077264
20190203,0.0,61.38,9.21,-4.72,13.92,3.37,5.41,33.75198332,74.25077264
20190204,0.0,59.79,8.07,-3.26,11.33,2.45,4.29,33.75198332,74.25077264
20190205,1.9,67.78,8.12,1.4,6.72,3.16,3.3,33.75198332,74.25077264
20190206,27.19,89.35,4.22,-0.95,5.17,3.66,4.39,33.75198332,74.25077264
20190207,55.04,92.5,4.28,0.56,3.71,2.54,3.68,33.75198332,74.25077264
20190208,5.27,83.46,1.97,-8.66,10.63,3.24,4.93,33.75198332,74.25077264
20190209,0.0,59.89,7.01,-9.87,16.89,4.22,6.14,33.75198332,74.25077264
20190210,0.0,56.34,7.77,-1.67,9.45,2.2,3.05,33.75198332,74.25077264
20190211,0.0,67.18,7.96,-1.9,9.86,2.29,3.29,33.75198332,74.25077264
20190212,7.54,83.05,6.29,-0.75,7.04,2.06,3.47,33.75198332,74.25077264
20190213,2.76,84.23,8.05,3.15,4.89,1.58,1.9,33.75198332,74.25077264
20190214,10.65,89.02,5.7,2.56,3.14,2.03,2.72,33.75198332,74.25077264
20190215,0.65,87.29,6.12,-0.58,6.7,3.11,3.49,33.75198332,74.25077264
20190216,0.03,75.67,7.7,-3.75,11.45,2.88,4.12,33.75198332,74.25077264
20190217,4.43,71.49,7.27,-4.91,12.18,2.21,3.29,33.75198332,74.25077264
20190218,7.33,85.69,5.46,-0.98,6.44,4.98,5.51,33.75198332,74.25077264
20190219,2.27,79.96,6.29,-5.17,11.47,3.82,3.91,33.75198332,74.25077264
20190220,17.25,83.52,6.66,-1.0,7.65,2.98,4.01,33.75198332,74.25077264
20190221,35.08,96.47,4.69,1.37,3.32,2.11,2.84,33.75198332,74.25077264
20190222,1.85,75.34,6.91,-2.61,9.52,2.02,2.74,33.75198332,74.25077264
20190223,0.02,68.98,8.04,-4.93,12.97,3.59,4.6,33.75198332,74.25077264
20190224,0.11,68.27,7.24,-0.48,7.72,3.02,3.12,33.75198332,74.25077264
20190225,2.51,74.99,5.56,-1.84,7.4,2.94,3.13,33.75198332,74.25077264
20190226,7.39,82.16,4.32,-2.28,6.6,5.46,6.22,33.75198332,74.25077264
20190227,0.02,74.56,4.5,-4.1,8.6,2.33,2.24,33.75198332,74.25077264
20190228,0.0,71.82,7.11,-5.46,12.57,2.38,3.23,33.75198332,74.25077264
20190301,1.62,79.03,5.97,-1.09,7.06,1.97,1.85,33.75198332,74.25077264
20190302,16.78,92.14,4.2,1.11,3.09,1.81,1.66,33.75198332,74.25077264
20190303,6.51,90.02,6.44,1.63,4.82,3.05,3.29,33.75198332,74.25077264
20190304,2.28,84.78,6.92,1.33,5.59,2.16,2.39,33.75198332,74.25077264
20190305,0.23,75.33,8.45,-0.63,9.08,1.55,1.97,33.75198332,74.25077264
20190306,1.5,72.44,9.32,-1.77,11.1,2.17,2.49,33.75198332,74.25077264
20190307,1.78,78.05,6.17,0.12,6.06,2.7,2.87,33.75198332,74.25077264
20190308,0.0,72.59,9.63,-1.8,11.43,3.36,4.39,33.75198332,74.25077264
20190309,0.0,69.82,10.24,0.14,10.1,1.53,2.22,33.75198332,74.25077264
20190310,0.28,71.26,10.94,-2.1,13.05,2.12,2.77,33.75198332,74.25077264
20190311,16.17,88.37,5.33,1.96,3.37,4.88,5.6,33.75198332,74.25077264
20190312,0.81,80.14,9.03,0.38,8.66,2.17,2.47,33.75198332,74.25077264
20190313,2.61,78.56,8.32,-0.62,8.94,3.93,4.51,33.75198332,74.25077264
20190314,1.82,81.8,7.57,0.65,6.91,3.32,3.67,33.75198332,74.25077264
20190315,0.01,70.96,10.64,-1.11,11.75,2.15,2.85,33.75198332,74.25077264
20190316,0.0,65.44,14.16,-0.45,14.61,3.59,4.96,33.75198332,74.25077264
20190317,0.0,70.39,13.18,4.31,8.87,1.93,3.31,33.75198332,74.25077264
20190318,0.0,68.82,14.54,3.0,11.55,3.93,4.33,33.75198332,74.25077264
20190319,9.22,83.27,9.87,5.01,4.86,3.38,3.31,33.75198332,74.25077264
20190320,19.4,85.56,9.26,4.34,4.93,6.5,7.86,33.75198332,74.25077264
20190321,0.88,71.84,12.04,1.96,10.08,3.68,4.15,33.75198332,74.25077264
20190322,0.13,63.45,13.65,2.21,11.43,2.14,2.85,33.75198332,74.25077264
20190323,0.1,66.51,13.37,4.06,9.31,2.62,3.33,33.75198332,74.25077264
20190324,0.01,73.56,13.85,3.32,10.53,2.89,2.86,33.75198332,74.25077264
20190325,0.0,65.37,16.45,2.89,13.56,2.98,3.7,33.75198332,74.25077264
20190326,0.0,53.25,19.29,2.92,16.37,2.16,3.22,33.75198332,74.25077264
20190327,0.0,57.72,19.91,5.34,14.56,2.49,3.25,33.75198332,74.25077264
20190328,0.09,65.81,20.53,8.04,12.49,2.45,3.8,33.75198332,74.25077264
20190329,1.66,69.46,18.71,7.76,10.95,3.66,3.79,33.75198332,74.25077264
20190330,8.51,72.8,18.13,7.21,10.92,8.37,9.74,33.75198332,74.25077264
20190331,0.04,56.03,19.13,4.09,15.05,3.11,4.56,33.75198332,74.25077264
20190401,0.0,49.07,21.12,4.82,16.3,2.56,3.72,33.75198332,74.25077264
20190402,0.0,46.42,20.45,7.75,12.7,2.78,2.76,33.75198332,74.25077264
20190403,0.0,57.73,23.32,7.09,16.23,2.72,3.36,33.75198332,74.25077264
20190404,0.0,60.17,21.91,11.91,10.0,1.71,2.51,33.75198332,74.25077264
20190405,0.0,61.1,22.27,12.78,9.48,3.15,3.48,33.75198332,74.25077264
20190406,0.2,66.49,21.41,10.54,10.87,2.57,3.37,33.75198332,74.25077264
20190407,0.0,59.6,22.55,9.05,13.5,4.27,4.33,33.75198332,74.25077264
20190408,0.66,64.56,18.54,9.83,8.71,3.45,4.21,33.75198332,74.25077264
20190409,2.93,64.14,21.74,8.43,13.32,2.72,3.18,33.75198332,74.25077264
20190410,2.55,66.4,19.98,9.43,10.56,4.04,4.18,33.75198332,74.25077264
20190411,0.57,65.66,20.75,9.56,11.19,3.62,3.6,33.75198332,74.25077264
20190412,4.39,75.54,18.52,8.79,9.72,3.58,3.82,33.75198332,74.25077264
20190413,6.25,80.47,17.01,10.13,6.88,5.94,6.54,33.75198332,74.25077264
20190414,0.68,73.56,18.02,9.43,8.58,3.76,4.16,33.75198332,74.25077264
20190415,0.13,65.29,20.51,8.53,11.98,3.51,3.54,33.75198332,74.25077264
20190416,13.64,80.14,14.73,7.54,7.19,3.46,3.67,33.75198332,74.25077264
20190417,10.67,87.33,11.85,6.28,5.57,1.64,2.5,33.75198332,74.25077264
20190418,0.7,70.14,14.93,5.37,9.56,1.86,2.22,33.75198332,74.25077264
20190419,0.0,68.31,19.89,6.16,13.73,3.3,2.75,33.75198332,74.25077264
20190420,0.11,69.6,20.08,9.54,10.54,3.54,3.03,33.75198332,74.25077264
20190421,0.0,66.24,21.37,10.53,10.84,2.96,2.55,33.75198332,74.25077264
20190422,0.0,63.54,23.09,9.42,13.67,2.7,2.53,33.75198332,74.25077264
20190423,1.33,56.07,24.79,10.2,14.6,2.28,3.7,33.75198332,74.25077264
20190424,14.82,72.08,19.49,11.59,7.9,3.54,4.13,33.75198332,74.25077264
20190425,3.17,64.31,22.46,10.12,12.34,3.8,4.27,33.75198332,74.25077264
20190426,6.7,61.19,21.89,11.48,10.41,2.93,3.02,33.75198332,74.25077264
20190427,0.0,50.26,23.0,10.18,12.82,2.74,2.43,33.75198332,74.25077264
20190428,0.0,46.84,23.12,10.17,12.96,2.6,2.54,33.75198332,74.25077264
20190429,0.14,48.49,23.39,9.36,14.03,2.65,2.77,33.75198332,74.25077264
20190430,5.38,64.78,19.24,9.47,9.77,3.27,5.35,33.75198332,74.25077264
20190501,0.4,49.37,22.33,7.39,14.94,3.0,4.73,33.75198332,74.25077264
20190502,5.4,53.68,20.07,8.72,11.35,4.22,4.77,33.75198332,74.25077264
20190503,2.82,59.16,19.91,7.51,12.4,3.39,3.96,33.75198332,74.25077264
20190504,0.04,49.08,22.47,7.41,15.06,2.76,3.84,33.75198332,74.25077264
20190505,0.02,44.91,22.86,8.74,14.12,3.97,4.09,33.75198332,74.25077264
20190506,0.0,40.53,24.37,8.43,15.94,2.88,2.58,33.75198332,74.25077264
20190507,0.78,42.82,24.39,9.55,14.84,2.92,3.09,33.75198332,74.25077264
20190508,0.02,45.83,25.55,9.26,16.29,2.94,4.07,33.75198332,74.25077264
20190509,0.04,45.42,26.08,11.66,14.42,2.39,2.81,33.75198332,74.25077264
20190510,5.02,55.5,21.59,12.84,8.75,1.56,3.1,33.75198332,74.25077264
20190511,4.67,58.64,22.33,12.0,10.33,3.38,3.22,33.75198332,74.25077264
20190512,0.15,56.19,22.96,11.09,11.87,2.07,2.18,33.75198332,74.25077264
20190513,2.27,55.76,23.7,13.27,10.43,3.18,3.4,33.75198332,74.25077264
20190514,3.75,63.89,20.94,11.98,8.96,3.59,3.74,33.75198332,74.25077264
20190515,2.95,60.88,22.57,10.96,11.6,2.55,2.89,33.75198332,74.25077264
20190516,4.35,71.46,19.13,12.42,6.71,3.57,3.95,33.75198332,74.25077264
20190517,10.47,77.45,18.1,11.5,6.6,3.2,3.14,33.75198332,74.25077264
20190518,0.77,60.93,21.96,9.21,12.75,3.67,3.41,33.75198332,74.25077264
20190519,2.43,53.29,24.87,9.65,15.22,4.18,4.25,33.75198332,74.25077264
20190520,2.59,48.14,24.79,12.92,11.87,3.46,3.36,33.75198332,74.25077264
20190521,0.0,43.8,26.44,11.12,15.32,2.64,3.7,33.75198332,74.25077264
20190522,0.07,40.26,26.57,16.46,10.11,3.29,3.4,33.75198332,74.25077264
20190523,7.0,59.81,21.4,14.29,7.11,3.08,3.4,33.75198332,74.25077264
20190524,25.02,76.95,18.0,12.4,5.6,6.24,6.98,33.75198332,74.25077264
20190525,0.25,62.54,22.14,11.4,10.74,2.16,1.86,33.75198332,74.25077264
20190526,2.67,50.45,24.42,12.5,11.92,3.93,3.89,33.75198332,74.25077264
20190527,0.16,45.46,25.17,9.87,15.3,2.65,3.98,33.75198332,74.25077264
20190528,0.0,38.32,27.45,11.55,15.91,2.5,3.07,33.75198332,74.25077264
20190529,0.0,37.18,29.05,12.8,16.25,2.32,2.56,33.75198332,74.25077264
20190530,0.0,34.94,29.77,15.19,14.58,1.78,2.02,33.75198332,74.25077264
20190531,0.3,36.58,30.08,15.11,14.98,3.44,4.1,33.75198332,74.25077264
20190601,0.6,41.56,29.06,16.51,12.55,1.67,3.44,33.75198332,74.25077264
20190602,0.18,38.81,29.66,14.71,14.94,3.36,5.57,33.75198332,74.25077264
20190603,8.09,36.3,29.81,18.41,11.4,5.06,5.71,33.75198332,74.25077264
20190604,8.84,43.28,27.07,14.53,12.53,4.31,3.8,33.75198332,74.25077264
20190605,2.77,39.73,28.09,13.68,14.42,4.16,4.34,33.75198332,74.25077264
20190606,4.15,45.61,26.89,13.6,13.29,3.13,4.81,33.75198332,74.25077264
20190607,0.18,44.99,27.23,13.26,13.96,2.99,3.3,33.75198332,74.25077264
20190608,0.67,45.69,27.43,16.12,11.31,3.4,3.65,33.75198332,74.25077264
20190609,0.03,40.55,29.94,13.87,16.07,2.77,4.56,33.75198332,74.25077264
20190610,0.02,34.82,31.05,13.99,17.06,3.44,3.46,33.75198332,74.25077264
20190611,15.43,45.7,27.58,18.15,9.43,4.23,5.14,33.75198332,74.25077264
20190612,27.76,56.94,25.02,14.59,10.44,6.67,8.03,33.75198332,74.25077264
20190613,0.0,35.14,27.76,13.96,13.8,2.03,1.84,33.75198332,74.25077264
20190614,0.0,35.21,29.06,13.22,15.85,2.52,3.01,33.75198332,74.25077264
20190615,1.13,39.88,29.0,14.49,14.51,2.68,3.07,33.75198332,74.25077264
20190616,0.04,42.41,27.8,15.3,12.5,2.43,3.01,33.75198332,74.25077264
20190617,1.84,38.09,28.31,15.41,12.89,4.5,4.68,33.75198332,74.25077264
20190618,5.08,56.92,23.99,15.29,8.7,3.82,3.73,33.75198332,74.25077264
20190619,4.33,59.32,24.87,14.21,10.66,2.61,2.6,33.75198332,74.25077264
20190620,7.8,59.92,24.18,16.64,7.54,1.5,1.67,33.75198332,74.25077264
20190621,6.3,58.98,24.91,16.11,8.81,3.91,3.61,33.75198332,74.25077264
20190622,1.07,53.07,27.53,14.28,13.25,2.47,2.59,33.75198332,74.25077264
20190623,5.6,56.53,25.68,16.66,9.01,1.78,2.52,33.75198332,74.25077264
20190624,2.28,65.53,24.86,16.53,8.32,2.49,2.12,33.75198332,74.25077264
20190625,2.56,55.4,27.68,16.58,11.09,3.92,3.95,33.75198332,74.25077264
20190626,0.7,44.52,28.72,14.59,14.13,1.91,2.07,33.75198332,74.25077264
20190627,1.91,44.6,28.8,18.3,10.5,3.26,3.09,33.75198332,74.25077264
20190628,0.01,43.72,29.39,17.5,11.88,3.04,3.26,33.75198332,74.25077264
20190629,2.48,38.84,30.8,15.97,14.82,2.89,3.44,33.75198332,74.25077264
20190630,3.32,45.77,29.65,18.64,11.01,3.43,3.46,33.75198332,74.25077264
20190701,1.17,47.07,29.18,17.86,11.33,3.47,3.5,33.75198332,74.25077264
20190702,0.04,43.27,31.0,17.35,13.65,3.34,3.25,33.75198332,74.25077264
20190703,0.01,45.69,32.09,17.89,14.19,3.76,3.82,33.75198332,74.25077264
20190704,5.75,48.52,31.75,20.58,11.17,3.66,3.51,33.75198332,74.25077264
20190705,3.47,59.78,28.87,18.82,10.05,4.33,4.35,33.75198332,74.25077264
20190706,0.4,58.41,28.16,19.03,9.12,4.78,5.12,33.75198332,74.25077264
20190707,0.24,62.36,29.33,19.22,10.11,3.72,3.14,33.75198332,74.25077264
20190708,5.74,60.23,30.82,19.18,11.64,4.5,4.15,33.75198332,74.25077264
20190709,5.65,67.8,28.63,19.96,8.67,4.39,3.71,33.75198332,74.25077264
20190710,5.75,67.91,28.57,19.27,9.3,5.02,4.81,33.75198332,74.25077264
20190711,6.83,65.92,29.28,18.66,10.62,5.19,4.94,33.75198332,74.25077264
20190712,3.4,67.29,29.0,19.22,9.78,4.88,4.62,33.75198332,74.25077264
20190713,3.52,67.91,27.77,18.84,8.93,5.24,4.98,33.75198332,74.25077264
20190714,3.86,74.34,26.72,18.39,8.33,4.77,4.38,33.75198332,74.25077264
20190715,4.38,77.24,26.45,17.61,8.84,5.32,5.1,33.75198332,74.25077264
20190716,1.54,75.0,26.58,17.33,9.26,4.54,3.74,33.75198332,74.25077264
20190717,5.88,79.19,25.09,17.39,7.7,4.38,3.77,33.75198332,74.25077264
20190718,9.8,78.79,25.09,17.54,7.55,2.87,2.03,33.75198332,74.25077264
20190719,6.29,76.77,25.51,17.84,7.67,3.33,2.87,33.75198332,74.25077264
20190720,2.33,73.11,27.71,17.99,9.72,4.7,4.41,33.75198332,74.25077264
20190721,0.5,74.25,26.82,18.24,8.58,4.43,4.13,33.75198332,74.25077264
20190722,2.11,74.85,27.1,18.52,8.59,3.58,3.18,33.75198332,74.25077264
20190723,0.52,71.08,28.89,19.36,9.53,3.99,3.57,33.75198332,74.25077264
20190724,7.2,72.17,28.99,19.76,9.23,3.93,3.52,33.75198332,74.25077264
20190725,27.93,83.69,25.96,19.08,6.88,4.13,3.7,33.75198332,74.25077264
20190726,7.68,85.7,24.09,17.99,6.1,3.88,3.34,33.75198332,74.25077264
20190727,19.38,85.2,23.46,17.82,5.64,4.06,3.53,33.75198332,74.25077264
20190728,15.66,84.37,22.56,17.92,4.63,3.66,4.14,33.75198332,74.25077264
20190729,3.68,81.73,23.36,18.32,5.04,2.45,2.45,33.75198332,74.25077264
20190730,3.94,79.64,25.93,18.19,7.74,4.04,3.81,33.75198332,74.25077264
20190731,9.13,83.96,25.79,18.45,7.34,5.17,5.13,33.75198332,74.25077264
20190801,5.98,85.97,25.87,18.2,7.67,4.45,3.84,33.75198332,74.25077264
20190802,4.8,86.0,24.4,18.8,5.61,2.82,1.98,33.75198332,74.25077264
20190803,2.33,81.15,25.51,17.88,7.63,3.56,3.11,33.75198332,74.25077264
20190804,0.32,78.92,27.16,18.13,9.04,3.81,3.55,33.75198332,74.25077264
20190805,1.73,81.85,26.45,18.54,7.91,4.38,4.11,33.75198332,74.25077264
20190806,6.34,82.48,26.62,18.7,7.92,4.13,3.73,33.75198332,74.25077264
20190807,11.44,84.41,26.1,18.84,7.26,4.05,3.76,33.75198332,74.25077264
20190808,0.32,78.75,26.73,18.54,8.19,3.82,3.4,33.75198332,74.25077264
20190809,15.53,87.05,23.57,18.9,4.67,3.56,3.38,33.75198332,74.25077264
20190810,8.24,79.8,25.04,18.31,6.73,3.06,2.73,33.75198332,74.25077264
20190811,1.96,81.12,25.86,18.41,7.45,4.04,3.89,33.75198332,74.25077264
20190812,3.08,79.31,26.54,18.01,8.53,4.06,3.74,33.75198332,74.25077264
20190813,6.86,84.45,26.52,19.12,7.4,4.89,4.51,33.75198332,74.25077264
20190814,9.09,83.78,25.45,18.38,7.07,4.83,4.51,33.75198332,74.25077264
20190815,1.6,80.5,26.0,17.64,8.36,4.46,4.46,33.75198332,74.25077264
20190816,3.04,82.37,24.6,18.04,6.57,4.14,4.25,33.75198332,74.25077264
20190817,10.67,83.48,23.76,17.23,6.54,4.48,4.39,33.75198332,74.25077264
20190818,1.92,76.03,24.8,15.48,9.32,3.86,3.48,33.75198332,74.25077264
20190819,4.0,73.95,24.45,15.6,8.85,2.73,2.49,33.75198332,74.25077264
20190820,0.01,66.79,23.9,13.09,10.81,2.59,2.57,33.75198332,74.25077264
20190821,0.0,64.41,25.66,14.07,11.59,3.54,3.16,33.75198332,74.25077264
20190822,0.0,66.26,26.05,15.09,10.95,3.6,3.34,33.75198332,74.25077264
20190823,0.0,69.49,26.16,16.74,9.42,3.47,3.36,33.75198332,74.25077264
20190824,0.08,68.92,26.95,16.86,10.08,3.8,3.58,33.75198332,74.25077264
20190825,5.84,75.15,25.49,16.36,9.13,3.4,3.19,33.75198332,74.25077264
20190826,3.62,79.59,24.95,17.12,7.83,4.34,4.22,33.75198332,74.25077264
20190827,0.27,72.28,27.3,15.8,11.5,3.99,3.66,33.75198332,74.25077264
20190828,0.33,69.87,26.34,17.39,8.95,3.22,3.01,33.75198332,74.25077264
20190829,1.33,69.52,27.72,17.82,9.9,3.51,3.31,33.75198332,74.25077264
20190830,1.36,74.74,25.8,18.05,7.75,3.47,3.23,33.75198332,74.25077264
20190831,0.06,68.58,27.81,16.81,11.0,3.68,3.22,33.75198332,74.25077264
20190901,0.34,64.17,28.46,16.15,12.31,4.94,4.85,33.75198332,74.25077264
20190902,0.24,66.99,28.07,16.54,11.53,3.88,3.38,33.75198332,74.25077264
20190903,0.15,64.39,28.45,16.78,11.67,4.07,3.74,33.75198332,74.25077264
20190904,0.38,69.48,27.47,16.97,10.5,3.76,3.5,33.75198332,74.25077264
20190905,8.56,73.72,26.34,18.21,8.13,3.87,3.74,33.75198332,74.25077264
20190906,2.32,69.97,27.06,16.82,10.24,3.22,2.93,33.75198332,74.25077264
20190907,1.63,64.42,27.86,16.12,11.74,3.39,3.03,33.75198332,74.25077264
20190908,0.34,60.06,27.92,13.9,14.02,4.14,3.94,33.75198332,74.25077264
20190909,0.0,57.41,29.38,14.36,15.02,3.84,3.39,33.75198332,74.25077264
20190910,0.0,54.67,29.4,14.45,14.94,4.22,4.18,33.75198332,74.25077264
20190911,0.0,56.38,29.51,15.27,14.24,4.51,4.41,33.75198332,74.25077264
20190912,0.0,59.04,29.01,15.54,13.47,4.71,4.49,33.75198332,74.25077264
20190913,0.01,60.47,27.99,17.01,10.99,4.06,3.92,33.75198332,74.25077264
20190914,0.0,57.81,27.99,15.41,12.58,4.14,3.85,33.75198332,74.25077264
20190915,0.16,58.71,27.23,15.85,11.38,4.43,4.26,33.75198332,74.25077264
20190916,6.21,66.06,24.94,16.4,8.54,4.08,4.15,33.75198332,74.25077264
20190917,0.04,63.45,24.94,14.06,10.88,3.84,3.44,33.75198332,74.25077264
20190918,0.13,58.54,27.34,12.91,14.43,4.52,4.23,33.75198332,74.25077264
20190919,2.6,71.79,25.37,14.42,10.95,3.9,3.48,33.75198332,74.25077264
20190920,1.85,75.08,20.89,15.1,5.79,3.72,3.67,33.75198332,74.25077264
20190921,0.0,57.11,26.31,12.81,13.5,4.31,3.84,33.75198332,74.25077264
20190922,0.01,63.79,26.26,13.91,12.35,3.98,3.42,33.75198332,74.25077264
20190923,0.0,68.79,27.18,14.2,12.98,4.94,4.72,33.75198332,74.25077264
20190924,0.03,73.79,25.86,15.4,10.46,4.53,4.19,33.75198332,74.25077264
20190925,0.17,75.95,24.92,16.25,8.67,4.38,4.11,33.75198332,74.25077264
20190926,5.42,76.84,24.2,16.2,8.0,3.96,3.74,33.75198332,74.25077264
20190927,11.77,80.99,23.45,15.51,7.94,4.25,3.95,33.75198332,74.25077264
20190928,3.08,80.49,23.06,14.79,8.27,4.36,4.18,33.75198332,74.25077264
20190929,1.74,86.23,21.27,14.34,6.92,4.24,4.13,33.75198332,74.25077264
20190930,3.72,75.22,22.24,12.72,9.52,3.82,3.31,33.75198332,74.25077264
20191001,4.41,78.79,19.51,12.43,7.09,2.52,2.13,33.75198332,74.25077264
20191002,0.01,63.01,21.67,10.29,11.38,3.09,2.72,33.75198332,74.25077264
20191003,9.13,70.37,18.84,11.11,7.72,2.29,1.99,33.75198332,74.25077264
20191004,2.74,68.3,17.49,8.58,8.92,2.55,2.64,33.75198332,74.25077264
20191005,0.0,53.84,21.12,6.63,14.49,3.83,3.58,33.75198332,74.25077264
20191006,0.35,58.24,19.87,9.61,10.26,1.8,1.7,33.75198332,74.25077264
20191007,1.52,70.81,18.36,8.05,10.31,3.12,2.72,33.75198332,74.25077264
20191008,0.0,58.75,22.4,8.32,14.08,3.75,3.43,33.75198332,74.25077264
20191009,0.92,61.11,20.97,10.34,10.63,2.86,2.44,33.75198332,74.25077264
20191010,0.0,59.36,21.88,8.28,13.6,4.35,4.0,33.75198332,74.25077264
20191011,0.0,56.39,21.83,9.21,12.62,4.21,3.91,33.75198332,74.25077264
20191012,0.0,62.3,22.3,8.67,13.63,3.88,3.66,33.75198332,74.25077264
20191013,0.0,61.04,22.93,8.98,13.95,4.09,3.65,33.75198332,74.25077264
20191014,0.0,62.68,22.96,9.89,13.07,5.37,5.27,33.75198332,74.25077264
20191015,0.0,66.31,22.49,10.75,11.74,4.53,4.33,33.75198332,74.25077264
20191016,0.01,71.28,20.28,11.83,8.44,2.37,1.99,33.75198332,74.25077264
20191017,9.78,73.15,19.6,11.01,8.59,2.46,2.25,33.75198332,74.25077264
20191018,3.45,66.52,17.82,9.41,8.41,2.96,2.93,33.75198332,74.25077264
20191019,0.02,59.64,17.45,7.65,9.8,3.86,4.15,33.75198332,74.25077264
20191020,0.0,51.29,20.45,5.71,14.74,3.83,3.65,33.75198332,74.25077264
20191021,0.0,50.25,20.17,8.37,11.8,3.31,3.46,33.75198332,74.25077264
20191022,0.0,48.4,21.24,6.46,14.77,4.68,4.88,33.75198332,74.25077264
20191023,0.36,55.62,18.47,8.42,10.05,3.47,3.46,33.75198332,74.25077264
20191024,0.07,55.17,19.11,6.33,12.78,2.38,2.73,33.75198332,74.25077264
20191025,0.0,50.33,19.5,6.06,13.45,2.82,2.38,33.75198332,74.25077264
20191026,0.0,51.86,20.37,5.95,14.42,3.93,3.93,33.75198332,74.25077264
20191027,0.0,47.59,22.53,7.49,15.05,4.27,4.24,33.75198332,74.25077264
20191028,0.0,50.3,22.81,7.82,14.99,4.74,4.71,33.75198332,74.25077264
20191029,0.0,51.32,21.87,8.02,13.85,3.67,3.47,33.75198332,74.25077264
20191030,0.17,52.93,20.23,9.21,11.02,3.38,3.34,33.75198332,74.25077264
20191031,0.07,55.56,20.35,6.97,13.38,2.09,2.35,33.75198332,74.25077264
20191101,0.12,61.98,19.95,8.46,11.49,4.85,4.96,33.75198332,74.25077264
20191102,0.03,61.84,19.22,7.09,12.12,3.72,3.56,33.75198332,74.25077264
20191103,3.62,71.51,14.63,7.18,7.45,1.82,2.59,33.75198332,74.25077264
20191104,0.09,63.27,17.94,5.48,12.46,2.91,2.63,33.75198332,74.25077264
20191105,0.1,51.71,18.97,5.06,13.9,4.73,4.84,33.75198332,74.25077264
20191106,31.75,77.69,12.43,5.78,6.65,7.17,8.32,33.75198332,74.25077264
20191107,40.51,89.11,8.04,3.59,4.45,4.0,5.24,33.75198332,74.25077264
20191108,9.39,75.41,9.78,0.77,9.0,1.63,2.25,33.75198332,74.25077264
20191109,0.0,62.21,12.66,-0.56,13.23,2.57,3.04,33.75198332,74.25077264
20191110,0.0,58.78,14.54,0.15,14.39,4.22,5.39,33.75198332,74.25077264
20191111,0.0,52.47,14.62,1.45,13.17,3.09,4.35,33.75198332,74.25077264
20191112,0.0,55.16,15.74,4.7,11.04,3.0,4.08,33.75198332,74.25077264
20191113,0.06,55.88,16.65,6.86,9.79,3.22,3.4,33.75198332,74.25077264
20191114,4.35,72.67,14.59,6.18,8.41,2.64,3.49,33.75198332,74.25077264
20191115,7.76,79.75,11.11,5.39,5.72,3.53,4.43,33.75198332,74.25077264
20191116,7.79,81.58,12.77,5.06,7.71,3.46,3.65,33.75198332,74.25077264
20191117,0.0,63.46,16.37,4.3,12.07,1.89,2.74,33.75198332,74.25077264
20191118,0.0,49.58,16.84,2.53,14.31,2.83,4.25,33.75198332,74.25077264
20191119,0.0,47.29,16.68,2.92,13.77,2.51,3.39,33.75198332,74.25077264
20191120,0.0,50.99,15.22,4.91,10.31,2.88,2.9,33.75198332,74.25077264
20191121,3.77,73.24,10.15,4.07,6.08,2.14,3.16,33.75198332,74.25077264
20191122,12.91,89.93,8.51,4.83,3.68,1.65,2.34,33.75198332,74.25077264
20191123,2.96,89.6,10.13,4.72,5.41,3.28,3.72,33.75198332,74.25077264
20191124,0.24,79.94,11.42,4.41,7.01,3.86,4.29,33.75198332,74.25077264
20191125,0.02,73.14,12.69,2.56,10.13,2.99,2.95,33.75198332,74.25077264
20191126,0.99,74.19,12.19,3.63,8.56,3.59,3.86,33.75198332,74.25077264
20191127,25.7,82.63,9.23,2.86,6.37,3.67,4.14,33.75198332,74.25077264
20191128,5.13,79.83,7.65,-0.66,8.31,2.22,2.95,33.75198332,74.25077264
20191129,1.07,74.43,8.6,-1.62,10.22,2.41,3.79,33.75198332,74.25077264
20191130,0.0,59.4,10.89,-2.64,13.53,3.95,5.02,33.75198332,74.25077264
20191201,0.0,53.18,11.8,-1.28,13.08,2.28,3.66,33.75198332,74.25077264
20191202,0.0,51.94,12.8,-1.4,14.19,3.95,5.38,33.75198332,74.25077264
20191203,0.0,52.27,14.05,-1.54,15.59,4.86,6.06,33.75198332,74.25077264
20191204,0.0,45.64,14.58,-1.03,15.62,3.05,5.07,33.75198332,74.25077264
20191205,0.0,48.24,13.66,0.04,13.62,2.51,3.34,33.75198332,74.25077264
20191206,0.0,47.26,13.73,-0.83,14.56,2.7,3.95,33.75198332,74.25077264
20191207,0.0,46.54,14.07,-0.54,14.61,2.91,4.34,33.75198332,74.25077264
20191208,0.0,47.08,13.61,-1.27,14.88,3.53,5.32,33.75198332,74.25077264
20191209,0.0,47.79,12.47,1.72,10.74,2.18,3.45,33.75198332,74.25077264
20191210,0.32,52.57,11.79,2.44,9.36,2.24,3.11,33.75198332,74.25077264
20191211,1.35,76.68,8.95,1.61,7.34,2.94,2.95,33.75198332,74.25077264
20191212,17.42,84.35,6.77,1.55,5.23,1.95,1.88,33.75198332,74.25077264
20191213,30.58,94.14,3.51,1.36,2.16,2.48,3.06,33.75198332,74.25077264
20191214,8.1,89.94,3.45,-1.69,5.14,2.91,3.23,33.75198332,74.25077264
20191215,0.03,78.17,5.07,-6.88,11.95,2.7,3.76,33.75198332,74.25077264
20191216,0.0,66.62,6.06,-8.22,14.28,3.89,4.77,33.75198332,74.25077264
20191217,0.0,60.21,7.32,-9.71,17.03,5.04,6.59,33.75198332,74.25077264
20191218,0.0,60.06,6.83,-5.38,12.21,2.65,4.15,33.75198332,74.25077264
20191219,0.01,69.86,7.74,-0.71,8.45,2.0,2.68,33.75198332,74.25077264
20191220,3.98,75.99,6.82,-2.38,9.2,2.08,2.77,33.75198332,74.25077264
20191221,0.51,70.88,7.39,-3.74,11.13,2.35,3.43,33.75198332,74.25077264
20191222,0.0,58.23,8.61,-4.56,13.17,2.64,4.02,33.75198332,74.25077264
20191223,0.0,49.8,9.5,-4.16,13.66,3.26,5.01,33.75198332,74.25077264
20191224,0.0,54.92,7.53,-3.7,11.23,1.92,2.55,33.75198332,74.25077264
20191225,0.0,53.89,8.01,-6.37,14.39,4.61,5.86,33.75198332,74.25077264
20191226,0.0,53.62,8.53,-7.35,15.88,5.57,6.44,33.75198332,74.25077264
20191227,0.0,52.42,10.03,-6.18,16.22,4.96,7.13,33.75198332,74.25077264
20191228,0.0,46.04,10.95,-4.03,14.99,2.96,4.1,33.75198332,74.25077264
20191229,0.0,44.77,9.92,-1.88,11.8,2.31,2.86,33.75198332,74.25077264
20191230,0.0,50.09,9.27,-1.27,10.54,2.93,2.79,33.75198332,74.25077264
20191231,0.0,62.95,5.13,-3.15,8.28,3.02,3.11,33.75198332,74.25077264
20200101,0.0,60.09,7.31,-3.11,10.42,2.84,2.69,33.75198332,74.25077264
20200102,0.01,68.09,5.33,-1.94,7.27,2.72,3.46,33.75198332,74.25077264
20200103,0.35,74.9,5.69,-2.59,8.28,2.07,2.44,33.75198332,74.25077264
20200104,0.92,84.57,3.67,-2.55,6.22,4.14,4.25,33.75198332,74.25077264
20200105,0.4,68.27,5.38,-5.95,11.33,3.5,4.31,33.75198332,74.25077264
20200106,10.92,90.29,2.21,-1.72,3.93,2.33,2.27,33.75198332,74.25077264
20200107,13.09,94.53,3.15,-2.15,5.3,3.74,3.81,33.75198332,74.25077264
20200108,3.12,85.26,1.81,-5.64,7.45,2.51,2.66,33.75198332,74.25077264
20200109,0.0,61.25,4.99,-9.33,14.32,3.35,4.24,33.75198332,74.25077264
20200110,0.0,52.17,7.78,-9.37,17.15,4.32,5.86,33.75198332,74.25077264
20200111,0.46,52.92,7.77,-5.59,13.36,3.68,5.18,33.75198332,74.25077264
20200112,8.21,82.37,6.41,-1.25,7.66,1.9,1.76,33.75198332,74.25077264
20200113,75.29,94.41,2.1,-1.93,4.03,2.25,2.08,33.75198332,74.25077264
20200114,3.3,80.54,1.68,-5.57,7.25,2.73,3.83,33.75198332,74.25077264
20200115,13.06,78.13,2.81,-5.36,8.18,2.13,2.63,33.75198332,74.25077264
20200116,3.33,77.29,4.4,-6.11,10.51,2.45,3.01,33.75198332,74.25077264
20200117,0.04,70.53,4.24,-9.22,13.45,3.38,4.74,33.75198332,74.25077264
20200118,0.0,73.08,3.85,-6.97,10.82,2.39,3.64,33.75198332,74.25077264
20200119,0.0,68.73,4.59,-9.07,13.66,4.08,5.35,33.75198332,74.25077264
20200120,0.73,74.41,3.16,-3.49,6.65,2.0,2.16,33.75198332,74.25077264
20200121,5.51,91.37,1.3,-3.95,5.25,3.19,3.43,33.75198332,74.25077264
20200122,0.23,80.38,4.83,-6.74,11.57,2.27,3.09,33.75198332,74.25077264
20200123,0.0,66.73,5.28,-9.01,14.29,3.07,3.72,33.75198332,74.25077264
20200124,0.0,57.3,7.97,-8.2,16.17,4.48,6.4,33.75198332,74.25077264
20200125,0.54,76.35,6.4,-1.43,7.84,2.27,3.19,33.75198332,74.25077264
20200126,0.1,78.18,6.87,-3.46,10.33,2.33,3.32,33.75198332,74.25077264
20200127,2.18,79.16,4.3,-4.6,8.9,2.56,3.47,33.75198332,74.25077264
20200128,9.18,88.9,4.26,-1.39,5.65,0.88,0.79,33.75198332,74.25077264
20200129,10.48,89.2,3.85,-2.85,6.69,4.04,4.73,33.75198332,74.25077264
20200130,0.02,73.74,5.1,-6.33,11.43,2.77,3.95,33.75198332,74.25077264
20200131,0.13,67.72,4.88,-7.77,12.65,2.94,4.17,33.75198332,74.25077264
20200201,0.09,69.31,5.63,-5.37,11.0,2.33,3.34,33.75198332,74.25077264
20200202,0.0,62.14,6.89,-7.73,14.61,3.59,5.17,33.75198332,74.25077264
20200203,0.0,58.02,7.38,-7.7,15.08,3.14,4.03,33.75198332,74.25077264
20200204,0.09,75.84,3.86,-3.15,7.0,3.74,4.12,33.75198332,74.25077264
20200205,0.0,70.89,6.92,-6.81,13.74,2.97,3.63,33.75198332,74.25077264
20200206,0.21,71.47,5.83,-1.43,7.26,2.38,2.24,33.75198332,74.25077264
20200207,0.01,68.68,7.7,-4.94,12.64,2.65,3.94,33.75198332,74.25077264
20200208,0.0,58.61,8.95,-7.51,16.46,4.46,6.7,33.75198332,74.25077264
20200209,0.0,54.26,8.89,-4.0,12.89,2.68,3.58,33.75198332,74.25077264
20200210,0.0,55.65,9.45,-3.9,13.35,2.59,3.39,33.75198332,74.25077264
20200211,2.64,68.04,9.1,-1.23,10.33,2.17,3.3,33.75198332,74.25077264
20200212,2.27,80.63,10.18,2.77,7.41,1.69,2.02,33.75198332,74.25077264
20200213,1.15,86.41,10.16,4.26,5.91,4.69,5.68,33.75198332,74.25077264
20200214,0.02,70.51,10.78,-0.77,11.55,2.71,4.01,33.75198332,74.25077264
20200215,0.0,50.2,11.63,-3.06,14.69,3.48,5.35,33.75198332,74.25077264
20200216,0.0,46.37,11.43,0.68,10.74,2.54,3.46,33.75198332,74.25077264
20200217,0.0,53.9,11.51,-2.35,13.85,3.0,3.99,33.75198332,74.25077264
20200218,0.0,49.64,12.9,-0.76,13.65,3.01,4.5,33.75198332,74.25077264
20200219,5.54,66.97,10.38,1.13,9.25,3.52,4.13,33.75198332,74.25077264
20200220,9.54,66.68,11.36,3.49,7.87,3.01,5.46,33.75198332,74.25077264
20200221,3.46,67.0,11.25,-0.02,11.27,2.78,2.69,33.75198332,74.25077264
20200222,0.0,71.17,11.78,0.45,11.33,1.6,2.04,33.75198332,74.25077264
20200223,0.0,67.66,12.98,0.98,12.0,2.46,3.1,33.75198332,74.25077264
20200224,48.88,70.42,12.37,1.15,11.22,2.45,2.86,33.75198332,74.25077264
20200225,2.54,72.83,12.42,1.38,11.04,3.35,3.44,33.75198332,74.25077264
20200226,0.0,63.66,15.24,1.22,14.02,2.34,3.11,33.75198332,74.25077264
20200227,3.2,70.06,15.01,4.92,10.09,2.61,3.46,33.75198332,74.25077264
20200228,26.49,83.77,11.71,4.9,6.81,3.88,4.01,33.75198332,74.25077264
20200229,28.13,85.16,10.94,3.52,7.42,3.01,3.1,33.75198332,74.25077264
20200301,2.41,75.17,11.69,3.52,8.17,1.22,1.7,33.75198332,74.25077264
20200302,0.02,71.19,13.91,1.98,11.92,2.45,2.66,33.75198332,74.25077264
20200303,0.0,71.22,14.77,3.85,10.92,2.62,2.69,33.75198332,74.25077264
20200304,1.45,81.31,11.75,4.76,6.99,2.68,2.79,33.75198332,74.25077264
20200305,19.83,92.47,7.07,2.78,4.29,2.7,2.53,33.75198332,74.25077264
20200306,13.62,91.8,7.42,2.33,5.09,3.89,5.04,33.75198332,74.25077264
20200307,26.1,92.56,5.34,1.33,4.02,5.97,7.0,33.75198332,74.25077264
20200308,22.32,89.27,6.79,-0.39,7.18,2.84,3.4,33.75198332,74.25077264
20200309,0.07,60.51,11.53,-2.36,13.89,3.27,4.55,33.75198332,74.25077264
20200310,14.36,64.88,11.86,1.5,10.36,4.0,4.17,33.75198332,74.25077264
20200311,5.01,71.82,11.45,3.14,8.31,4.22,4.68,33.75198332,74.25077264
20200312,32.23,85.64,7.22,0.85,6.37,6.01,7.64,33.75198332,74.25077264
20200313,5.99,76.38,8.03,-1.27,9.3,3.73,4.48,33.75198332,74.25077264
20200314,1.1,71.15,9.16,1.52,7.65,1.67,1.98,33.75198332,74.25077264
20200315,0.55,74.49,12.23,0.61,11.61,2.18,1.99,33.75198332,74.25077264
20200316,0.02,72.47,14.45,0.38,14.07,3.61,4.07,33.75198332,74.25077264
20200317,0.08,76.07,14.82,5.48,9.35,3.19,3.15,33.75198332,74.25077264
20200318,0.06,73.71,14.83,5.69,9.13,1.78,2.0,33.75198332,74.25077264
20200319,0.12,73.89,13.69,5.11,8.57,2.72,2.74,33.75198332,74.25077264
20200320,0.61,79.51,14.29,4.98,9.32,2.97,3.03,33.75198332,74.25077264
20200321,7.02,87.54,11.33,5.57,5.76,2.94,3.09,33.75198332,74.25077264
20200322,0.59,72.75,14.98,5.37,9.61,2.57,2.3,33.75198332,74.25077264
20200323,1.24,75.33,15.8,4.15,11.65,2.54,2.23,33.75198332,74.25077264
20200324,19.06,91.73,11.04,6.13,4.91,4.99,5.62,33.75198332,74.25077264
20200325,7.05,83.47,12.43,4.66,7.77,3.45,3.4,33.75198332,74.25077264
20200326,0.13,73.15,15.54,3.68,11.87,3.61,3.56,33.75198332,74.25077264
20200327,66.19,92.21,8.59,4.65,3.94,6.12,7.69,33.75198332,74.25077264
20200328,22.69,86.48,9.44,2.9,6.53,2.34,2.94,33.75198332,74.25077264
20200329,0.38,67.86,13.47,1.67,11.8,2.52,3.5,33.75198332,74.25077264
20200330,0.08,66.82,13.83,2.24,11.59,2.17,3.57,33.75198332,74.25077264
20200331,16.19,82.63,10.53,5.38,5.15,2.49,2.35,33.75198332,74.25077264
20200401,7.49,81.98,12.93,5.03,7.9,3.09,3.54,33.75198332,74.25077264
20200402,3.0,68.67,12.5,4.77,7.74,2.29,2.86,33.75198332,74.25077264
20200403,0.0,62.07,16.67,1.53,15.14,3.45,4.28,33.75198332,74.25077264
20200404,0.0,63.96,18.07,4.45,13.62,3.4,3.33,33.75198332,74.25077264
20200405,3.61,77.25,15.08,6.56,8.52,3.53,3.2,33.75198332,74.25077264
20200406,2.85,76.11,15.25,7.33,7.92,2.9,2.65,33.75198332,74.25077264
20200407,12.71,84.29,11.16,6.22,4.95,3.42,3.78,33.75198332,74.25077264
20200408,0.52,67.36,17.36,3.98,13.38,3.44,3.41,33.75198332,74.25077264
20200409,4.53,74.0,17.41,6.23,11.18,4.16,4.45,33.75198332,74.25077264
20200410,1.45,71.91,18.28,7.67,10.61,2.08,2.11,33.75198332,74.25077264
20200411,0.0,61.72,21.32,6.02,15.31,2.23,3.06,33.75198332,74.25077264
20200412,0.0,63.54,22.87,9.45,13.42,2.29,2.34,33.75198332,74.25077264
20200413,0.01,68.29,21.73,12.55,9.18,3.75,3.79,33.75198332,74.25077264
20200414,10.96,75.78,19.87,9.81,10.06,2.54,2.07,33.75198332,74.25077264
20200415,6.49,74.12,19.81,12.06,7.76,5.93,6.52,33.75198332,74.25077264
20200416,1.11,67.34,19.27,9.34,9.92,3.04,3.06,33.75198332,74.25077264
20200417,10.35,77.41,14.55,8.16,6.39,2.08,2.02,33.75198332,74.25077264
20200418,36.78,87.1,13.19,7.21,5.98,5.94,7.07,33.75198332,74.25077264
20200419,2.23,74.62,15.93,6.41,9.51,3.16,3.15,33.75198332,74.25077264
20200420,1.14,71.92,16.73,6.44,10.29,3.67,3.72,33.75198332,74.25077264
20200421,3.1,77.76,15.32,8.63,6.69,2.99,2.78,33.75198332,74.25077264
20200422,0.08,72.55,18.79,7.33,11.46,3.09,2.67,33.75198332,74.25077264
20200423,0.0,69.45,20.46,6.79,13.67,3.41,3.74,33.75198332,74.25077264
20200424,0.0,68.86,20.72,7.73,12.99,3.06,3.47,33.75198332,74.25077264
20200425,0.43,74.11,18.47,10.82,7.65,3.49,3.54,33.75198332,74.25077264
20200426,1.25,83.21,15.97,11.83,4.14,1.86,1.81,33.75198332,74.25077264
20200427,5.2,86.84,12.72,9.26,3.47,2.4,2.55,33.75198332,74.25077264
20200428,1.54,79.03,17.84,8.66,9.17,1.64,1.55,33.75198332,74.25077264
20200429,0.21,72.45,20.96,11.19,9.77,3.15,3.31,33.75198332,74.25077264
20200430,0.16,70.82,22.4,11.13,11.28,2.32,1.84,33.75198332,74.25077264
20200501,0.24,70.29,22.47,10.97,11.5,3.41,3.44,33.75198332,74.25077264
20200502,12.48,74.72,19.62,10.35,9.27,6.18,7.26,33.75198332,74.25077264
20200503,8.55,72.29,18.69,9.23,9.46,4.28,5.72,33.75198332,74.25077264
20200504,5.89,76.57,18.19,11.54,6.66,4.31,4.44,33.75198332,74.25077264
20200505,0.75,69.62,19.66,9.5,10.16,3.62,3.34,33.75198332,74.25077264
20200506,0.61,66.81,18.71,9.52,9.19,4.55,4.94,33.75198332,74.25077264
20200507,0.0,67.48,20.75,7.45,13.3,3.24,3.23,33.75198332,74.25077264
20200508,0.02,66.07,23.29,10.51,12.78,3.52,3.35,33.75198332,74.25077264
20200509,2.77,73.93,21.47,10.87,10.6,3.9,4.64,33.75198332,74.25077264
20200510,8.29,73.21,21.38,12.43,8.96,3.25,3.34,33.75198332,74.25077264
20200511,6.3,74.73,20.13,11.51,8.63,2.01,3.29,33.75198332,74.25077264
20200512,0.06,70.16,20.99,9.87,11.11,3.06,3.01,33.75198332,74.25077264
20200513,24.74,79.05,20.23,11.1,9.13,4.47,4.41,33.75198332,74.25077264
20200514,66.35,79.38,18.48,12.37,6.12,2.08,2.31,33.75198332,74.25077264
20200515,0.24,64.78,21.73,8.96,12.77,2.49,1.9,33.75198332,74.25077264
20200516,0.01,58.52,22.14,11.19,10.95,2.71,2.61,33.75198332,74.25077264
20200517,0.0,58.6,22.23,9.51,12.72,3.13,2.88,33.75198332,74.25077264
20200518,0.77,60.28,20.17,10.44,9.73,3.41,3.3,33.75198332,74.25077264
20200519,1.28,57.71,19.27,9.45,9.82,2.78,3.1,33.75198332,74.25077264
20200520,0.17,53.23,24.03,8.46,15.57,2.64,3.7,33.75198332,74.25077264
20200521,0.0,50.83,26.5,10.79,15.71,3.07,3.99,33.75198332,74.25077264
20200522,0.19,54.39,26.51,13.82,12.69,3.3,3.25,33.75198332,74.25077264
20200523,3.6,67.32,23.17,13.29,9.88,3.09,4.93,33.75198332,74.25077264
20200524,0.19,61.11,25.52,11.74,13.78,2.24,3.29,33.75198332,74.25077264
20200525,0.0,61.62,26.48,14.61,11.88,4.15,4.12,33.75198332,74.25077264
20200526,0.01,51.61,28.08,14.43,13.65,2.95,3.98,33.75198332,74.25077264
20200527,0.18,52.02,27.7,15.48,12.22,3.7,4.73,33.75198332,74.25077264
20200528,0.29,57.63,24.77,13.03,11.74,3.86,5.95,33.75198332,74.25077264
20200529,2.52,66.73,21.31,14.82,6.48,3.67,3.9,33.75198332,74.25077264
20200530,10.12,78.65,19.72,13.78,5.95,5.36,5.51,33.75198332,74.25077264
20200531,4.94,79.97,17.71,12.87,4.83,2.41,2.21,33.75198332,74.25077264
20200601,4.95,75.8,18.65,11.76,6.89,2.72,2.42,33.75198332,74.25077264
20200602,4.46,74.76,19.76,12.4,7.36,3.69,3.62,33.75198332,74.25077264
20200603,2.19,69.98,20.86,12.04,8.82,4.31,4.38,33.75198332,74.25077264
20200604,0.55,68.62,21.63,11.81,9.82,3.17,3.21,33.75198332,74.25077264
20200605,1.15,74.14,21.45,14.4,7.05,2.64,2.05,33.75198332,74.25077264
20200606,8.54,82.92,21.08,14.03,7.05,3.93,3.55,33.75198332,74.25077264
20200607,2.27,79.93,22.36,14.1,8.26,3.32,3.03,33.75198332,74.25077264
20200608,2.64,75.75,23.73,14.87,8.85,3.69,3.48,33.75198332,74.25077264
20200609,2.91,72.07,23.83,13.78,10.05,3.4,3.16,33.75198332,74.25077264
20200610,0.92,74.04,23.3,14.97,8.33,4.69,5.04,33.75198332,74.25077264
20200611,2.42,63.81,24.34,13.94,10.39,2.05,2.94,33.75198332,74.25077264
20200612,8.01,68.96,24.31,15.59,8.72,3.89,3.92,33.75198332,74.25077264
20200613,53.4,69.01,24.18,14.78,9.4,2.69,2.93,33.75198332,74.25077264
20200614,0.18,60.09,25.56,12.49,13.07,1.79,2.92,33.75198332,74.25077264
20200615,0.0,55.89,26.44,13.73,12.71,2.34,2.43,33.75198332,74.25077264
20200616,0.0,56.94,26.14,14.3,11.84,2.67,2.32,33.75198332,74.25077264
20200617,0.0,55.58,27.06,14.78,12.27,3.36,3.19,33.75198332,74.25077264
20200618,0.14,52.74,27.99,14.83,13.17,3.0,2.98,33.75198332,74.25077264
20200619,13.61,54.7,27.86,14.59,13.27,2.75,2.99,33.75198332,74.25077264
20200620,39.2,62.93,26.1,16.14,9.96,2.2,2.09,33.75198332,74.25077264
20200621,0.3,64.59,26.38,16.34,10.04,2.33,1.98,33.75198332,74.25077264
20200622,0.23,68.01,27.49,15.77,11.72,3.85,3.61,33.75198332,74.25077264
20200623,0.58,73.98,26.71,17.95,8.76,2.67,2.11,33.75198332,74.25077264
20200624,22.9,77.42,25.86,17.2,8.66,3.73,3.77,33.75198332,74.25077264
20200625,4.44,77.26,25.53,17.63,7.9,3.4,3.92,33.75198332,74.25077264
20200626,1.28,70.19,26.22,16.37,9.84,3.64,3.36,33.75198332,74.25077264
20200627,2.81,66.98,26.87,16.32,10.56,3.31,2.98,33.75198332,74.25077264
20200628,3.72,64.51,26.77,15.07,11.71,4.04,3.78,33.75198332,74.25077264
20200629,0.21,59.91,26.06,15.74,10.32,4.52,4.82,33.75198332,74.25077264
20200630,0.01,59.25,27.69,15.67,12.02,3.42,3.13,33.75198332,74.25077264
20200701,0.03,69.74,26.83,17.88,8.95,3.51,3.19,33.75198332,74.25077264
20200702,0.0,64.39,28.44,16.54,11.9,2.98,2.61,33.75198332,74.25077264
20200703,0.14,61.39,28.49,19.41,9.08,4.34,4.33,33.75198332,74.25077264
20200704,0.09,60.63,27.69,18.02,9.67,3.22,2.93,33.75198332,74.25077264
20200705,1.39,74.48,23.04,16.35,6.69,8.41,9.44,33.75198332,74.25077264
20200706,0.0,62.63,26.36,15.52,10.85,3.07,2.75,33.75198332,74.25077264
20200707,0.67,63.1,26.69,18.5,8.2,3.66,3.47,33.75198332,74.25077264
20200708,1.8,69.3,27.55,17.43,10.12,4.52,4.39,33.75198332,74.25077264
20200709,2.5,70.41,27.43,17.96,9.47,4.3,3.96,33.75198332,74.25077264
20200710,0.87,65.31,28.53,18.41,10.12,4.28,4.12,33.75198332,74.25077264
20200711,1.46,60.77,28.31,17.54,10.76,4.1,4.07,33.75198332,74.25077264
20200712,6.08,67.24,25.95,16.83,9.12,3.98,3.73,33.75198332,74.25077264
20200713,0.41,69.79,26.65,15.92,10.72,3.2,3.7,33.75198332,74.25077264
20200714,0.01,62.16,28.54,17.23,11.3,3.97,3.71,33.75198332,74.25077264
20200715,1.22,62.44,28.66,17.84,10.82,3.92,3.6,33.75198332,74.25077264
20200716,1.57,69.35,27.21,18.32,8.89,4.43,4.28,33.75198332,74.25077264
20200717,1.68,67.83,28.26,18.4,9.86,4.21,4.05,33.75198332,74.25077264
20200718,0.91,66.68,29.46,19.12,10.34,5.04,4.87,33.75198332,74.25077264
20200719,5.11,70.91,27.4,18.97,8.43,5.04,5.01,33.75198332,74.25077264
20200720,3.47,69.91,27.12,17.94,9.19,4.95,4.83,33.75198332,74.25077264
20200721,20.51,81.72,21.93,15.69,6.24,5.31,5.99,33.75198332,74.25077264
20200722,13.95,66.84,25.01,14.55,10.46,3.97,3.55,33.75198332,74.25077264
20200723,0.07,69.97,27.07,14.71,12.36,5.15,4.71,33.75198332,74.25077264
20200724,2.52,72.96,27.84,17.58,10.26,3.71,3.15,33.75198332,74.25077264
20200725,3.83,75.8,26.9,18.13,8.77,3.21,2.6,33.75198332,74.25077264
20200726,9.46,78.83,26.31,18.51,7.81,4.43,4.11,33.75198332,74.25077264
20200727,0.59,75.92,27.41,18.3,9.11,4.3,4.05,33.75198332,74.25077264
20200728,3.12,73.96,27.68,18.67,9.01,4.62,4.37,33.75198332,74.25077264
20200729,3.46,74.79,27.24,18.85,8.4,5.25,5.16,33.75198332,74.25077264
20200730,2.1,81.56,25.94,18.35,7.59,4.77,4.37,33.75198332,74.25077264
20200731,10.78,81.64,26.47,18.05,8.42,3.9,3.62,33.75198332,74.25077264
20200801,4.3,78.4,26.27,18.64,7.63,4.51,4.22,33.75198332,74.25077264
20200802,2.45,74.29,27.26,18.48,8.78,4.59,4.49,33.75198332,74.25077264
20200803,1.39,73.72,27.32,18.46,8.86,3.82,3.72,33.75198332,74.25077264
20200804,1.92,69.05,27.33,18.36,8.98,4.45,4.37,33.75198332,74.25077264
20200805,0.92,63.83,28.98,18.33,10.66,4.25,4.05,33.75198332,74.25077264
20200806,0.87,70.1,28.26,18.75,9.5,3.98,3.68,33.75198332,74.25077264
20200807,2.82,79.31,27.44,19.49,7.95,4.09,3.75,33.75198332,74.25077264
20200808,11.49,84.76,26.4,19.23,7.17,4.02,3.25,33.75198332,74.25077264
20200809,8.12,81.36,27.46,19.68,7.78,3.87,3.51,33.75198332,74.25077264
20200810,6.66,77.39,27.17,18.43,8.74,3.92,3.64,33.75198332,74.25077264
20200811,1.04,78.94,27.54,18.04,9.5,4.85,4.88,33.75198332,74.25077264
20200812,1.57,74.49,29.23,18.46,10.77,4.2,3.46,33.75198332,74.25077264
20200813,5.59,75.11,28.4,19.25,9.15,3.74,3.12,33.75198332,74.25077264
20200814,2.08,75.66,28.49,18.56,9.92,3.92,3.4,33.75198332,74.25077264
20200815,0.4,76.53,28.54,18.25,10.29,3.96,3.32,33.75198332,74.25077264
20200816,1.01,76.04,29.78,18.81,10.96,4.07,3.02,33.75198332,74.25077264
20200817,11.79,80.71,28.91,19.48,9.43,4.11,3.12,33.75198332,74.25077264
20200818,7.3,81.6,27.04,19.29,7.75,4.58,4.76,33.75198332,74.25077264
20200819,13.52,82.25,24.85,18.75,6.1,4.11,4.08,33.75198332,74.25077264
20200820,18.14,81.1,22.41,16.66,5.75,2.42,2.24,33.75198332,74.25077264
20200821,14.57,78.44,24.17,15.34,8.82,3.98,3.65,33.75198332,74.25077264
20200822,0.51,74.79,25.93,16.52,9.41,3.46,2.98,33.75198332,74.25077264
20200823,0.01,77.5,27.07,17.93,9.14,3.82,3.24,33.75198332,74.25077264
20200824,0.86,82.18,26.88,18.43,8.45,4.69,4.49,33.75198332,74.25077264
20200825,16.31,87.41,25.81,18.21,7.6,4.5,4.22,33.75198332,74.25077264
20200826,19.39,86.13,24.12,18.21,5.91,2.2,2.05,33.75198332,74.25077264
20200827,75.75,94.93,20.97,17.81,3.17,5.43,5.75,33.75198332,74.25077264
20200828,17.03,86.5,21.64,16.64,4.99,3.58,3.86,33.75198332,74.25077264
20200829,2.03,77.98,24.31,15.78,8.53,3.59,3.41,33.75198332,74.25077264
20200830,4.1,78.33,25.04,15.26,9.78,3.57,3.39,33.75198332,74.25077264
20200831,26.43,86.91,23.08,17.0,6.07,4.11,4.22,33.75198332,74.25077264
20200901,14.99,84.65,23.73,17.26,6.47,4.84,5.09,33.75198332,74.25077264
20200902,1.39,83.0,24.75,16.91,7.84,3.89,3.76,33.75198332,74.25077264
20200903,5.97,83.95,24.23,17.15,7.07,5.23,5.62,33.75198332,74.25077264
20200904,8.34,80.13,23.68,15.95,7.73,2.67,2.49,33.75198332,74.25077264
20200905,2.35,82.43,23.65,17.06,6.59,3.74,3.72,33.75198332,74.25077264
20200906,9.69,81.39,23.92,16.16,7.76,3.17,2.83,33.75198332,74.25077264
20200907,5.2,76.37,23.46,15.19,8.27,2.7,2.44,33.75198332,74.25077264
20200908,0.0,69.92,24.5,13.66,10.84,2.75,2.46,33.75198332,74.25077264
20200909,0.0,73.44,24.51,13.85,10.66,2.61,2.03,33.75198332,74.25077264
20200910,0.0,73.05,24.38,13.73,10.65,3.48,3.34,33.75198332,74.25077264
20200911,0.0,74.2,24.53,14.15,10.38,3.12,2.64,33.75198332,74.25077264
20200912,0.0,74.91,24.28,14.63,9.66,2.79,2.62,33.75198332,74.25077264
20200913,0.0,75.66,24.62,15.44,9.18,3.48,3.37,33.75198332,74.25077264
20200914,0.0,74.1,24.76,15.31,9.45,3.29,3.28,33.75198332,74.25077264
20200915,0.0,73.14,25.0,15.45,9.55,3.14,3.07,33.75198332,74.25077264
20200916,0.0,70.86,25.29,13.53,11.75,3.15,2.89,33.75198332,74.25077264
20200917,0.0,63.08,25.72,13.64,12.07,3.48,3.4,33.75198332,74.25077264
20200918,0.0,67.01,24.82,14.09,10.73,4.74,5.18,33.75198332,74.25077264
20200919,0.0,60.26,25.32,14.92,10.4,3.31,3.37,33.75198332,74.25077264
20200920,0.0,62.64,25.65,12.12,13.53,4.02,4.07,33.75198332,74.25077264
20200921,0.0,67.96,25.65,13.46,12.18,3.15,2.62,33.75198332,74.25077264
20200922,0.0,68.16,25.13,14.47,10.66,3.56,3.25,33.75198332,74.25077264
20200923,0.0,64.59,24.65,13.09,11.56,3.85,3.83,33.75198332,74.25077264
20200924,0.0,68.23,24.43,12.07,12.36,3.87,3.99,33.75198332,74.25077264
20200925,0.3,70.89,23.01,13.15,9.85,4.11,4.14,33.75198332,74.25077264
20200926,1.42,75.39,20.03,11.7,8.33,3.25,3.41,33.75198332,74.25077264
20200927,0.49,63.1,22.27,10.98,11.29,3.05,2.98,33.75198332,74.25077264
20200928,0.0,59.86,23.2,10.67,12.52,3.83,3.55,33.75198332,74.25077264
20200929,0.0,58.32,23.05,10.83,12.23,3.6,3.37,33.75198332,74.25077264
20200930,0.0,56.05,23.66,10.11,13.55,4.15,3.97,33.75198332,74.25077264
20201001,0.0,52.6,23.79,11.21,12.57,3.45,3.59,33.75198332,74.25077264
20201002,0.0,50.52,23.77,10.59,13.18,3.6,3.28,33.75198332,74.25077264
20201003,0.0,48.01,24.02,10.58,13.44,3.58,3.47,33.75198332,74.25077264
20201004,0.0,47.32,23.89,9.52,14.37,3.41,3.05,33.75198332,74.25077264
20201005,0.0,41.33,24.46,9.56,14.9,2.98,2.8,33.75198332,74.25077264
20201006,0.0,39.82,24.01,9.55,14.45,3.0,2.53,33.75198332,74.25077264
20201007,0.0,43.55,24.1,10.0,14.1,3.65,3.71,33.75198332,74.25077264
20201008,0.0,45.94,24.06,9.76,14.31,4.07,3.92,33.75198332,74.25077264
20201009,0.0,47.49,24.04,9.78,14.26,4.0,3.8,33.75198332,74.25077264
20201010,0.0,47.89,24.29,10.29,14.0,3.57,3.68,33.75198332,74.25077264
20201011,0.0,41.43,24.33,10.0,14.33,3.7,3.44,33.75198332,74.25077264
20201012,0.0,43.98,23.35,9.84,13.51,3.9,3.74,33.75198332,74.25077264
20201013,0.01,47.61,22.22,9.32,12.9,3.83,3.81,33.75198332,74.25077264
20201014,0.0,45.4,22.41,9.43,12.98,3.6,3.38,33.75198332,74.25077264
20201015,0.0,44.1,22.88,8.86,14.02,3.12,2.6,33.75198332,74.25077264
20201016,0.0,41.54,23.04,8.71,14.33,3.39,3.11,33.75198332,74.25077264
20201017,0.0,45.45,22.88,10.6,12.27,4.4,4.34,33.75198332,74.25077264
20201018,0.0,46.48,22.69,9.0,13.69,3.91,3.63,33.75198332,74.25077264
20201019,0.0,39.28,22.22,7.97,14.26,3.95,3.63,33.75198332,74.25077264
20201020,0.0,41.85,22.08,8.01,14.07,3.98,3.61,33.75198332,74.25077264
20201021,0.01,45.4,20.34,7.48,12.86,3.3,3.2,33.75198332,74.25077264
20201022,0.01,47.23,20.83,6.97,13.86,3.36,3.41,33.75198332,74.25077264
20201023,0.0,50.08,20.41,6.89,13.52,3.69,3.32,33.75198332,74.25077264
20201024,0.0,52.92,19.67,8.0,11.67,4.09,4.06,33.75198332,74.25077264
20201025,1.16,52.36,17.93,7.33,10.6,2.67,2.58,33.75198332,74.25077264
20201026,0.03,45.46,19.9,4.59,15.31,3.28,3.44,33.75198332,74.25077264
20201027,0.0,35.99,21.55,6.19,15.36,4.18,3.92,33.75198332,74.25077264
20201028,0.0,40.35,20.01,5.08,14.93,5.17,5.12,33.75198332,74.25077264
20201029,0.05,44.2,18.63,6.42,12.21,3.96,4.16,33.75198332,74.25077264
20201030,0.1,41.53,18.66,6.04,12.62,2.98,2.98,33.75198332,74.25077264
20201031,0.12,37.45,19.63,5.16,14.47,2.98,3.23,33.75198332,74.25077264
20201101,0.99,43.87,19.67,5.78,13.89,2.87,2.76,33.75198332,74.25077264
20201102,0.13,45.54,21.12,5.54,15.59,3.87,3.8,33.75198332,74.25077264
20201103,0.0,43.01,20.26,5.77,14.49,4.64,4.64,33.75198332,74.25077264
20201104,0.0,43.93,19.27,4.98,14.29,4.33,4.2,33.75198332,74.25077264
20201105,0.0,40.82,19.12,3.85,15.27,4.5,4.54,33.75198332,74.25077264
20201106,0.0,36.59,19.66,4.16,15.5,3.85,3.74,33.75198332,74.25077264
20201107,0.0,31.28,21.47,4.45,17.03,3.24,3.14,33.75198332,74.25077264
20201108,0.0,33.26,20.69,6.52,14.17,3.91,3.88,33.75198332,74.25077264
20201109,0.0,37.53,20.01,6.06,13.95,3.96,3.83,33.75198332,74.25077264
20201110,0.0,42.0,17.73,7.27,10.47,2.96,2.79,33.75198332,74.25077264
20201111,0.0,43.38,18.39,6.13,12.27,4.2,4.18,33.75198332,74.25077264
20201112,0.0,41.94,18.68,4.25,14.43,3.49,3.34,33.75198332,74.25077264
20201113,0.0,39.9,18.86,6.29,12.57,4.12,3.97,33.75198332,74.25077264
20201114,5.19,64.71,11.96,5.17,6.79,4.28,4.8,33.75198332,74.25077264
20201115,32.6,90.05,6.57,2.8,3.77,2.56,3.19,33.75198332,74.25077264
20201116,4.03,85.22,8.0,-1.15,9.15,2.42,3.54,33.75198332,74.25077264
20201117,0.0,59.78,11.16,-2.75,13.9,2.28,3.28,33.75198332,74.25077264
20201118,0.0,60.32,11.22,-0.11,11.33,3.7,3.95,33.75198332,74.25077264
20201119,3.07,70.14,7.58,0.94,6.64,4.02,4.29,33.75198332,74.25077264
20201120,0.05,55.24,10.15,-1.76,11.91,2.12,3.1,33.75198332,74.25077264
20201121,0.0,40.19,10.81,-0.38,11.19,2.39,2.54,33.75198332,74.25077264
20201122,1.09,49.87,10.5,-0.06,10.56,1.76,1.92,33.75198332,74.25077264
20201123,11.74,89.43,4.92,1.35,3.57,1.47,2.05,33.75198332,74.25077264
20201124,5.66,85.01,7.12,0.89,6.23,1.85,1.96,33.75198332,74.25077264
20201125,15.11,88.12,4.99,0.52,4.46,2.41,2.78,33.75198332,74.25077264
20201126,0.44,75.71,8.96,-2.1,11.05,2.93,4.06,33.75198332,74.25077264
20201127,0.0,50.31,13.17,-3.78,16.95,4.79,6.43,33.75198332,74.25077264
20201128,0.0,42.93,16.05,0.83,15.22,3.66,5.85,33.75198332,74.25077264
20201129,0.0,45.07,15.66,4.59,11.07,2.39,3.63,33.75198332,74.25077264
20201130,0.0,50.98,16.62,1.89,14.73,2.64,4.18,33.75198332,74.25077264
20201201,0.0,56.54,15.96,5.45,10.51,2.13,2.92,33.75198332,74.25077264
20201202,0.4,52.83,16.68,2.62,14.06,2.62,3.89,33.75198332,74.25077264
20201203,0.0,46.62,16.48,2.24,14.24,3.08,4.38,33.75198332,74.25077264
20201204,0.76,57.64,12.88,3.95,8.93,3.07,3.25,33.75198332,74.25077264
20201205,0.32,72.09,11.53,3.96,7.58,3.43,3.51,33.75198332,74.25077264
20201206,0.06,64.57,12.95,4.1,8.85,2.43,2.48,33.75198332,74.25077264
20201207,3.81,66.79,10.67,3.62,7.05,1.48,2.12,33.75198332,74.25077264
20201208,17.8,87.17,8.59,3.97,4.63,3.86,4.19,33.75198332,74.25077264
20201209,5.68,77.79,10.07,1.18,8.89,3.08,4.74,33.75198332,74.25077264
20201210,1.56,73.91,11.07,0.05,11.03,2.12,2.35,33.75198332,74.25077264
20201211,4.28,74.95,10.72,2.01,8.71,2.74,3.74,33.75198332,74.25077264
20201212,21.28,91.95,5.27,-1.02,6.29,3.77,4.51,33.75198332,74.25077264
20201213,39.74,85.71,5.82,-1.94,7.76,1.87,2.15,33.75198332,74.25077264
20201214,3.85,81.35,4.08,-5.32,9.4,1.61,1.83,33.75198332,74.25077264
20201215,0.0,75.97,3.72,-8.25,11.97,2.57,3.24,33.75198332,74.25077264
20201216,0.0,69.69,2.94,-7.84,10.79,2.39,3.32,33.75198332,74.25077264
20201217,0.0,57.96,5.23,-9.97,15.2,4.31,5.7,33.75198332,74.25077264
20201218,0.0,54.42,6.36,-8.71,15.08,3.55,4.33,33.75198332,74.25077264
20201219,0.0,52.7,7.91,-7.85,15.75,3.67,4.59,33.75198332,74.25077264
20201220,0.0,53.68,9.63,-3.22,12.85,2.59,3.89,33.75198332,74.25077264
20201221,0.05,70.28,10.04,0.16,9.88,2.83,4.2,33.75198332,74.25077264
20201222,0.0,64.96,9.92,-1.34,11.25,2.54,3.5,33.75198332,74.25077264
20201223,0.0,56.95,9.03,-2.57,11.6,2.48,3.25,33.75198332,74.25077264
20201224,0.0,57.38,8.98,-2.0,10.99,2.02,2.67,33.75198332,74.25077264
20201225,0.0,55.05,8.79,-4.45,13.24,3.36,4.9,33.75198332,74.25077264
20201226,0.0,50.98,10.07,-1.66,11.73,2.16,2.29,33.75198332,74.25077264
20201227,2.79,64.99,6.93,-2.32,9.25,3.32,3.77,33.75198332,74.25077264
20201228,1.12,81.47,3.26,-1.1,4.36,2.45,2.17,33.75198332,74.25077264
20201229,1.64,63.59,5.95,-4.85,10.8,2.51,3.41,33.75198332,74.25077264
20201230,0.16,50.75,8.13,-6.88,15.01,3.65,5.59,33.75198332,74.25077264
20201231,0.0,46.99,9.6,-6.16,15.76,5.24,6.64,33.75198332,74.25077264
20210101,0.0,42.39,11.18,-3.15,14.33,2.85,4.1,33.75198332,74.25077264
20210102,0.04,48.45,10.9,-1.81,12.72,2.77,3.57,33.75198332,74.25077264
20210103,11.68,74.48,10.04,-1.68,11.72,2.76,4.35,33.75198332,74.25077264
20210104,24.09,91.11,7.07,2.46,4.61,1.85,2.72,33.75198332,74.25077264
20210105,50.23,94.5,5.91,2.91,3.01,2.7,3.0,33.75198332,74.25077264
20210106,19.26,90.98,5.16,2.17,2.99,2.71,3.59,33.75198332,74.25077264
20210107,0.57,85.6,5.97,0.04,5.93,2.12,2.48,33.75198332,74.25077264
20210108,1.7,88.14,5.19,-1.96,7.15,3.37,3.7,33.75198332,74.25077264
20210109,1.1,78.83,6.76,-3.84,10.6,2.46,3.29,33.75198332,74.25077264
20210110,0.14,71.82,7.81,-2.64,10.46,2.44,3.25,33.75198332,74.25077264
20210111,0.0,59.64,7.9,-5.32,13.21,2.81,4.06,33.75198332,74.25077264
20210112,0.0,61.53,8.39,-7.61,16.0,3.13,4.48,33.75198332,74.25077264
20210113,0.0,62.38,8.97,-7.08,16.04,3.76,4.87,33.75198332,74.25077264
20210114,0.0,59.06,10.2,-5.59,15.8,2.51,3.94,33.75198332,74.25077264
20210115,0.0,49.52,10.37,-2.13,12.5,3.07,4.13,33.75198332,74.25077264
20210116,0.0,58.68,11.31,-4.03,15.34,3.44,5.36,33.75198332,74.25077264
20210117,0.0,52.6,11.56,-1.6,13.15,3.1,4.48,33.75198332,74.25077264
20210118,0.0,58.8,9.91,-1.33,11.24,2.7,3.04,33.75198332,74.25077264
20210119,0.0,58.85,10.55,-2.25,12.8,2.44,3.5,33.75198332,74.25077264
20210120,0.0,56.77,11.47,-2.55,14.03,2.04,3.2,33.75198332,74.25077264
20210121,0.0,47.45,13.2,-2.81,16.01,4.5,6.81,33.75198332,74.25077264
20210122,2.05,53.42,9.56,0.5,9.05,3.95,4.63,33.75198332,74.25077264
20210123,21.8,86.49,3.38,-2.87,6.25,2.63,3.44,33.75198332,74.25077264
20210124,0.0,65.7,6.85,-5.17,12.02,2.54,3.65,33.75198332,74.25077264
20210125,0.0,63.24,7.88,-5.78,13.67,2.72,3.84,33.75198332,74.25077264
20210126,0.0,60.46,8.31,-4.66,12.97,2.43,3.38,33.75198332,74.25077264
20210127,0.0,52.74,8.96,-4.81,13.77,3.05,3.92,33.75198332,74.25077264
20210128,0.0,53.19,8.82,-3.75,12.57,2.2,3.02,33.75198332,74.25077264
20210129,0.0,52.63,8.69,-2.25,10.94,1.96,2.8,33.75198332,74.25077264
20210130,0.0,48.05,10.96,-4.28,15.24,3.56,4.93,33.75198332,74.25077264
20210131,0.4,50.49,11.69,-0.95,12.65,2.12,3.16,33.75198332,74.25077264
20210201,0.12,65.14,10.8,0.68,10.11,1.96,2.84,33.75198332,74.25077264
20210202,0.7,64.45,11.57,-0.83,12.4,2.63,3.58,33.75198332,74.25077264
20210203,7.22,75.22,7.95,0.39,7.55,2.11,3.07,33.75198332,74.25077264
20210204,2.59,73.77,6.95,-0.48,7.43,2.09,2.88,33.75198332,74.25077264
20210205,0.0,71.09,7.94,-2.11,10.05,1.86,1.93,33.75198332,74.25077264
20210206,0.0,55.3,11.35,-3.79,15.15,2.86,3.75,33.75198332,74.25077264
20210207,0.0,49.83,15.09,-1.63,16.72,3.28,4.64,33.75198332,74.25077264
20210208,45.64,51.19,16.07,2.42,13.65,2.59,3.51,33.75198332,74.25077264
20210209,0.0,55.12,13.82,6.11,7.72,1.6,1.89,33.75198332,74.25077264
20210210,0.0,57.63,15.39,3.48,11.91,1.6,1.63,33.75198332,74.25077264
20210211,0.0,52.19,14.73,4.52,10.21,2.01,1.82,33.75198332,74.25077264
20210212,0.0,55.64,15.53,1.67,13.87,2.66,3.46,33.75198332,74.25077264
20210213,0.0,57.8,13.55,3.76,9.78,2.19,3.07,33.75198332,74.25077264
20210214,0.0,56.46,15.06,2.21,12.85,2.51,3.21,33.75198332,74.25077264
20210215,0.0,57.1,14.55,1.86,12.7,2.57,3.21,33.75198332,74.25077264
20210216,0.0,55.49,14.82,2.16,12.66,2.11,2.47,33.75198332,74.25077264
20210217,0.0,54.3,14.76,0.25,14.51,3.08,3.89,33.75198332,74.25077264
20210218,0.0,59.48,14.3,2.09,12.21,2.55,2.91,33.75198332,74.25077264
20210219,0.0,57.68,15.57,1.07,14.5,2.95,3.77,33.75198332,74.25077264
20210220,0.0,58.48,14.54,5.42,9.12,1.48,1.96,33.75198332,74.25077264
20210221,0.0,60.53,14.97,4.16,10.82,2.12,2.9,33.75198332,74.25077264
20210222,1.46,70.3,12.77,4.75,8.02,3.54,3.71,33.75198332,74.25077264
20210223,1.64,67.24,14.36,4.52,9.85,3.83,3.91,33.75198332,74.25077264
20210224,0.14,63.11,15.02,4.0,11.02,3.37,3.24,33.75198332,74.25077264
20210225,1.35,68.6,15.28,4.01,11.28,3.98,3.93,33.75198332,74.25077264
20210226,17.91,83.49,12.34,5.39,6.95,6.11,6.89,33.75198332,74.25077264
20210227,13.03,73.37,11.91,4.97,6.93,6.17,6.9,33.75198332,74.25077264
20210228,0.04,62.42,13.25,1.7,11.55,2.16,2.98,33.75198332,74.25077264
20210301,0.0,57.69,13.68,2.67,11.02,2.15,2.87,33.75198332,74.25077264
20210302,0.0,50.31,16.77,1.22,15.55,3.91,4.73,33.75198332,74.25077264
20210303,0.0,50.23,15.98,5.52,10.46,3.99,4.22,33.75198332,74.25077264
20210304,0.0,57.62,15.48,4.65,10.84,3.26,3.53,33.75198332,74.25077264
20210305,0.0,57.58,15.77,3.31,12.46,2.29,2.12,33.75198332,74.25077264
20210306,0.48,65.01,11.87,3.69,8.18,2.84,4.03,33.75198332,74.25077264
20210307,3.56,73.43,15.01,4.51,10.5,4.44,4.6,33.75198332,74.25077264
20210308,12.78,67.6,15.58,4.37,11.21,3.18,3.79,33.75198332,74.25077264
20210309,3.43,66.42,16.35,3.37,12.97,3.22,3.42,33.75198332,74.25077264
20210310,1.42,65.63,15.48,5.38,10.1,4.71,4.84,33.75198332,74.25077264
20210311,31.87,75.21,13.19,4.41,8.79,2.64,2.66,33.75198332,74.25077264
20210312,13.75,71.08,11.42,3.51,7.91,3.19,4.07,33.75198332,74.25077264
20210313,0.36,63.56,16.8,2.77,14.04,2.88,4.17,33.75198332,74.25077264
20210314,2.21,69.52,14.37,5.46,8.91,3.73,4.32,33.75198332,74.25077264
20210315,0.03,65.5,16.49,3.97,12.52,2.8,3.44,33.75198332,74.25077264
20210316,0.0,64.08,16.95,6.09,10.85,4.2,4.38,33.75198332,74.25077264
20210317,0.1,66.93,16.27,4.89,11.38,3.3,3.2,33.75198332,74.25077264
20210318,0.0,55.07,18.14,4.03,14.11,2.54,4.12,33.75198332,74.25077264
20210319,0.0,59.54,18.13,6.37,11.75,2.71,3.09,33.75198332,74.25077264
20210320,0.0,59.63,18.48,5.73,12.75,2.15,3.16,33.75198332,74.25077264
20210321,16.0,75.22,15.36,5.94,9.42,6.95,7.81,33.75198332,74.25077264
20210322,18.13,85.45,13.19,5.27,7.91,5.84,6.34,33.75198332,74.25077264
20210323,34.87,90.8,9.6,5.72,3.88,5.67,6.54,33.75198332,74.25077264
20210324,9.48,80.95,11.12,3.15,7.97,3.92,4.68,33.75198332,74.25077264
20210325,0.0,60.16,17.04,1.19,15.85,3.11,4.6,33.75198332,74.25077264
20210326,0.0,56.03,20.44,3.16,17.29,3.6,5.27,33.75198332,74.25077264
20210327,0.03,60.82,20.6,8.45,12.15,2.81,3.9,33.75198332,74.25077264
20210328,5.85,71.42,19.55,7.56,11.99,4.66,4.94,33.75198332,74.25077264
20210329,5.93,69.5,18.8,8.58,10.21,7.06,7.59,33.75198332,74.25077264
20210330,1.95,54.6,19.25,6.51,12.74,3.97,4.31,33.75198332,74.25077264
20210331,0.0,38.56,18.14,5.36,12.78,4.04,3.84,33.75198332,74.25077264
20210401,0.0,36.86,18.65,4.79,13.86,4.28,4.39,33.75198332,74.25077264
20210402,0.0,35.15,16.92,1.63,15.29,3.2,3.09,33.75198332,74.25077264
20210403,0.0,34.09,18.39,0.58,17.81,4.02,4.99,33.75198332,74.25077264
20210404,7.7,52.98,16.13,5.7,10.43,1.82,3.41,33.75198332,74.25077264
20210405,2.88,68.01,16.97,5.38,11.6,3.37,3.49,33.75198332,74.25077264
20210406,23.45,76.75,17.7,7.94,9.75,6.75,7.37,33.75198332,74.25077264
20210407,0.61,59.71,14.93,5.54,9.39,1.81,1.69,33.75198332,74.25077264
20210408,0.01,48.58,17.45,2.52,14.93,4.29,4.31,33.75198332,74.25077264
20210409,0.0,42.04,18.78,3.27,15.52,2.84,3.55,33.75198332,74.25077264
20210410,0.47,48.02,19.73,7.1,12.63,2.4,2.17,33.75198332,74.25077264
20210411,2.77,60.34,18.09,7.13,10.96,3.31,3.37,33.75198332,74.25077264
20210412,1.07,51.62,20.44,7.04,13.4,2.92,2.4,33.75198332,74.25077264
20210413,4.94,57.05,19.51,7.53,11.98,2.93,4.06,33.75198332,74.25077264
20210414,3.4,64.21,19.1,10.5,8.6,3.28,3.23,33.75198332,74.25077264
20210415,10.39,64.79,17.79,9.09,8.7,2.36,3.44,33.75198332,74.25077264
20210416,25.69,75.79,14.25,7.77,6.48,4.01,4.72,33.75198332,74.25077264
20210417,46.68,88.72,12.29,8.02,4.27,6.09,6.69,33.75198332,74.25077264
20210418,5.78,72.6,15.92,7.86,8.05,3.69,3.85,33.75198332,74.25077264
20210419,0.03,54.53,19.21,4.48,14.72,3.01,3.85,33.75198332,74.25077264
20210420,1.09,56.36,17.02,6.06,10.96,4.02,4.25,33.75198332,74.25077264
20210421,5.61,73.43,15.61,6.84,8.77,3.47,3.49,33.75198332,74.25077264
20210422,23.89,77.44,14.11,6.64,7.47,7.02,7.92,33.75198332,74.25077264
20210423,0.09,55.5,16.21,4.31,11.9,1.99,1.97,33.75198332,74.25077264
20210424,0.0,38.78,21.44,1.5,19.94,5.12,5.91,33.75198332,74.25077264
20210425,0.0,40.6,24.05,3.87,20.17,4.24,6.24,33.75198332,74.25077264
20210426,0.02,43.86,24.72,7.23,17.49,3.59,4.87,33.75198332,74.25077264
20210427,0.13,44.35,25.96,9.79,16.17,2.97,4.46,33.75198332,74.25077264
20210428,1.61,43.37,25.89,11.63,14.26,2.92,4.49,33.75198332,74.25077264
20210429,2.68,47.47,25.37,10.98,14.39,5.21,6.86,33.75198332,74.25077264
20210430,2.51,52.25,23.41,10.29,13.12,4.61,6.25,33.75198332,74.25077264
